Time (year),Global monthly mean SAOD at 550nm,Global monthly mean TOA ERF (W/m2)
2015.04166666667,0.00361461419417515,-0.0190272636076493
2015.125,0.00361449592164149,-0.0190248176164614
2015.20833333333,0.00361438270947981,-0.0190224762784214
2015.29166666667,0.0036142521934548,-0.0190197770792657
2015.375,0.00361411338948467,-0.0190169064769072
2015.45833333333,0.00361396929972897,-0.0190139265588904
2015.54166666667,0.00361383194327005,-0.0190110858916801
2015.625,0.00361373620999243,-0.0190091060327334
2015.70833333333,0.00361937151720182,-0.0191256494414362
2015.79166666667,0.0036310099527294,-0.0193663410635792
2015.875,0.00363819387292543,-0.0195149085517397
2015.95833333333,0.00364340371940838,-0.019622650423598
2016.04166666667,0.00364663654993855,-0.0196895064708027
2016.125,0.00364776636025792,-0.0197128712858064
2016.20833333333,0.00364728824103875,-0.0197029836407096
2016.29166666667,0.00364641788089689,-0.0196849843266305
2016.375,0.00364673809592093,-0.0196916064731412
2016.45833333333,0.00364739076118639,-0.0197051037877036
2016.54166666667,0.0036471877645543,-0.0197009057570624
2016.625,0.004322298048139,-0.0336576766333276
2016.70833333333,0.00613167087931688,-0.0710169863007616
2016.79166666667,0.00764036136803965,-0.102116271268957
2016.875,0.00886207626873379,-0.12726564693148
2016.95833333333,0.00981206343898634,-0.146800200367218
2017.04166666667,0.010509651311404,-0.161132863559584
2017.125,0.0109798572454663,-0.170788090615633
2017.20833333333,0.0112514610288425,-0.176363145102736
2017.29166666667,0.0113527817002367,-0.178442508425304
2017.375,0.0113572523945258,-0.178534253830102
2017.45833333333,0.0113547844029382,-0.178483606962778
2017.54166666667,0.0112379547347161,-0.176085944954863
2017.625,0.0110315071221134,-0.171848394495897
2017.70833333333,0.0107559180393513,-0.16619028040271
2017.79166666667,0.0104299389608603,-0.159495596928314
2017.875,0.0100711055147661,-0.152123654378174
2017.95833333333,0.00969263921391863,-0.144345503836288
2018.04166666667,0.00930192273446186,-0.136312501667645
2018.125,0.00890723707940656,-0.128194707313903
2018.20833333333,0.00851627217240344,-0.120150280929024
2018.29166666667,0.00813478019364665,-0.112297735590884
2018.375,0.00776699312153372,-0.10472445226104
2018.45833333333,0.00741618213456835,-0.0974981358578309
2018.54166666667,0.00708441294731368,-0.0906617265666826
2018.625,0.0067728662640465,-0.0842399552944339
2018.70833333333,0.00648204193845731,-0.0782435188703984
2018.79166666667,0.00621203185939715,-0.0726746849857645
2018.875,0.00597325569067613,-0.0677487832055101
2018.95833333333,0.00579896171642152,-0.0641523927376263
2019.04166666667,0.00562313040446391,-0.0605236455651444
2019.125,0.00545541037611236,-0.0570617016952713
2019.20833333333,0.005294952255173,-0.0537491088461526
2019.29166666667,0.00514072522572204,-0.0505646533436669
2019.375,0.00500089638503578,-0.047677064858947
2019.45833333333,0.00487385216280896,-0.0450531398807501
2019.54166666667,0.00475408935616101,-0.0425792973394115
2019.625,0.00464286147677139,-0.0402814884531606
2019.70833333333,0.00453992852642458,-0.0381548132228318
2019.79166666667,0.0044454681612656,-0.0362029955983802
2019.875,0.00435871680235378,-0.0344103053699371
2019.95833333333,0.00428456606760491,-0.0328778798955255
2020.04166666667,0.0042204244805722,-0.0315522153686857
2020.125,0.0041603495425524,-0.030310522352116
2020.20833333333,0.00410487333325702,-0.0291638145253766
2020.29166666667,0.00405399297787375,-0.0281120482772969
2020.375,0.00400760492362061,-0.0271530973757162
2020.45833333333,0.00401628522513116,-0.027332543141089
2020.54166666667,0.0040728744889127,-0.0285023610729928
2020.625,0.00412000397047413,-0.0294765750825328
2020.70833333333,0.00415427659430838,-0.0301849960165412
2020.79166666667,0.00417613496872001,-0.0306367996340529
2020.875,0.00418700423135933,-0.0308614591503224
2020.95833333333,0.00418803271415416,-0.0308827169927621
2021.04166666667,0.0041813613217881,-0.0307448247415421
2021.125,0.00416859901251765,-0.0304810356313308
2021.20833333333,0.00415023675657337,-0.0301014931492424
2021.29166666667,0.00412762415118897,-0.029634087606363
2021.375,0.00410197344455713,-0.0291038713141894
2021.45833333333,0.00408716285216505,-0.0287977208301194
2021.54166666667,0.00410546641266501,-0.0291760739690283
2021.625,0.00433367332737502,-0.033892760710967
2021.70833333333,0.00455748188725739,-0.0385174948637182
2021.79166666667,0.0047768695077501,-0.0430498711545671
2021.875,0.00496525913271472,-0.0469410597009688
2021.95833333333,0.0050988053812483,-0.0496990140818587
2022.04166666667,0.00518288924026484,-0.0514352980808569
2022.125,0.00522635657221597,-0.0523328165905593
2022.20833333333,0.00523786914878477,-0.0525705230716672
2022.29166666667,0.00522074257014868,-0.0522169002189303
2022.375,0.00518132722598157,-0.0514030447026734
2022.45833333333,0.00512530250603397,-0.0502461804347444
2022.54166666667,0.00505675333261943,-0.0488306083616064
2022.625,0.00497985306131097,-0.0472424667690771
2022.70833333333,0.00489777014388263,-0.0455471586008391
2022.79166666667,0.00481390960810611,-0.0438149924902165
2022.875,0.0047607209881694,-0.0427162892975145
2022.95833333333,0.00470378537517201,-0.0415401207039614
2023.04166666667,0.00464385783679493,-0.0403020729605293
2023.125,0.00458229752947761,-0.0390302164595195
2023.20833333333,0.00452016915311403,-0.0377465440769432
2023.29166666667,0.00445835396089061,-0.0364692634305287
2023.375,0.00439759312313601,-0.035213691847603
2023.45833333333,0.00433848051337723,-0.0339921062936205
2023.54166666667,0.00428149228258223,-0.0328143535074576
2023.625,0.00435564977407616,-0.0343469233247724
2023.70833333333,0.00451011289796148,-0.0375387581393931
2023.79166666667,0.00483773745301512,-0.0443071789990919
2023.875,0.00510538052619215,-0.0498347923575956
2023.95833333333,0.00531991282297432,-0.0542644445598027
2024.04166666667,0.00548435255668575,-0.0576591446973714
2024.125,0.00560219910569844,-0.0600916299978979
2024.20833333333,0.00567733300197929,-0.0616423284768785
2024.29166666667,0.00571298107538926,-0.0623780330529108
2024.375,0.00573289310082124,-0.0627889658151067
2024.45833333333,0.00572951771183528,-0.0627193070827176
2024.54166666667,0.00569821527458393,-0.0620732997880416
2024.625,0.00564482216647619,-0.0609713473185459
2024.70833333333,0.00557407936965141,-0.059511233062234
2024.79166666667,0.00548994605884903,-0.0577746073526809
2024.875,0.00539625853690945,-0.0558405978134601
2024.95833333333,0.0052962395830184,-0.0537756873227206
2025.04166666667,0.00519262413932176,-0.0516363087954893
2025.125,0.00508762356063732,-0.0494681048296811
2025.20833333333,0.00498311827243584,-0.0473099022726372
2025.29166666667,0.00488055377796145,-0.0451915609217803
2025.375,0.00478114442149725,-0.0431381776458965
2025.45833333333,0.00499059332616592,-0.0474642816637907
2025.54166666667,0.00525538209732968,-0.0529321172753799
2025.625,0.00545584186216063,-0.0570706088332209
2025.70833333333,0.00559316540181125,-0.0599051743352333
2025.79166666667,0.00567191492816816,-0.0615305080287475
2025.875,0.0057182008966412,-0.0624857574694913
2025.95833333333,0.00573725353228167,-0.0628789527631637
2026.04166666667,0.00571430435508407,-0.0624053423809406
2026.125,0.00565963443732888,-0.0612770559369601
2026.20833333333,0.00558166950940388,-0.0596678966619829
2026.29166666667,0.00548768258377719,-0.0577278841371988
2026.375,0.0054057035522801,-0.056035581295515
2026.45833333333,0.00531245252085339,-0.0541104205605166
2026.54166666667,0.00520952068020329,-0.0519851917692685
2026.625,0.00510136592317805,-0.0497518899757
2026.70833333333,0.00499206011580052,-0.0474945745668928
2026.79166666667,0.00488394426090934,-0.0452615905788681
2026.875,0.00477898627801654,-0.0430935971261158
2026.95833333333,0.00467869437968245,-0.0410217728774052
2027.04166666667,0.00458514628445456,-0.0390890744161822
2027.125,0.00449664745304978,-0.0372605270325513
2027.20833333333,0.00442449861245522,-0.0357696805552925
2027.29166666667,0.00435764912979716,-0.0343882412751763
2027.375,0.00429257830524892,-0.033043469126
2027.45833333333,0.0042307019442978,-0.0317646334994947
2027.54166666667,0.00417256118520082,-0.0305629316725013
2027.625,0.00411844614293108,-0.0294443739467301
2027.70833333333,0.00406844472438026,-0.028410791003104
2027.79166666667,0.00402252024802391,-0.0274614372941068
2027.875,0.00398055085376061,-0.0265938051658764
2027.95833333333,0.00394235409349682,-0.0258041329442514
2028.04166666667,0.00390770390665043,-0.0250877557833287
2028.125,0.00387637070573035,-0.0244399344548706
2028.20833333333,0.00384810228301327,-0.0238554607219892
2028.29166666667,0.00382266532701431,-0.0233295158539271
2028.375,0.00379980458191799,-0.0228568263575513
2028.45833333333,0.00377930430830099,-0.0224329349199426
2028.54166666667,0.0037609507633204,-0.0220534247800579
2028.625,0.0832047460714984,-1.60122963470481
2028.70833333333,0.218620387939508,-4.0200347710715
2028.79166666667,0.291874672648625,-5.19823284195943
2028.875,0.348369340166792,-6.04972128635148
2028.95833333333,0.391974265359951,-6.67481790519375
2029.04166666667,0.4253482777407,-7.13516988130262
2029.125,0.450239945329611,-7.46865342421562
2029.20833333333,0.467893223929394,-7.70018045330244
2029.29166666667,0.479251919395827,-7.84700599274196
2029.375,0.484981713567579,-7.92044041991036
2029.45833333333,0.485749284397302,-7.9302458733893
2029.54166666667,0.4821929368465,-7.88475134034093
2029.625,0.475019205637753,-7.79248764929907
2029.70833333333,0.464811377235631,-7.66005520423825
2029.79166666667,0.454012008858218,-7.5184688914485
2029.875,0.447764368396172,-7.43585763032788
2029.95833333333,0.439047985381714,-7.31973694407827
2030.04166666667,0.428423189108672,-7.17681646904186
2030.125,0.416313657201863,-7.01206150716948
2030.20833333333,0.403092087961318,-6.82988379688534
2030.29166666667,0.388982833036993,-6.63279970617453
2030.375,0.374434996406099,-6.42665654156296
2030.45833333333,0.359573312718014,-6.21294651398716
2030.54166666667,0.344568186154471,-5.993927347139
2030.625,0.329579121227548,-5.77183676234129
2030.70833333333,0.314734533384006,-5.54858136436523
2030.79166666667,0.300131500234233,-5.32570129395877
2030.875,0.285831332554173,-5.10426674239521
2030.95833333333,0.27186749345718,-4.88496283381229
2031.04166666667,0.258250222749379,-4.66813222145909
2031.125,0.244979856432553,-4.45396557127772
2031.20833333333,0.232049664415373,-4.24253726803147
2031.29166666667,0.219450001221121,-4.03386695328788
2031.375,0.207177038133987,-3.82806379357172
2031.45833333333,0.195233936824388,-3.62535245868162
2031.54166666667,0.178131056525321,-3.33081526799372
2031.625,0.161847025383707,-3.04565948125184
2031.70833333333,0.14670885817762,-2.77637200571591
2031.79166666667,0.132691928361612,-2.52336874799181
2031.875,0.119765346627843,-2.28688184784855
2031.95833333333,0.107893795469374,-2.0669869092569
2032.04166666667,0.097035253102673,-1.86355707025794
2032.125,0.0871419823768937,-1.67627816792153
2032.20833333333,0.0781617469562152,-1.50467128545266
2032.29166666667,0.0700396594361117,-1.34813028636952
2032.375,0.0627236290816073,-1.20603225718835
2032.45833333333,0.056148739034934,-1.07743928362204
2032.54166666667,0.0502519656013436,-0.961387660103559
2032.625,0.0449779010377706,-0.857009938752237
2032.70833333333,0.0402694719162036,-0.763360328224342
2032.79166666667,0.0360634884660385,-0.679330561685179
2032.875,0.0324241030751654,-0.60633488067808
2032.95833333333,0.0292683626828634,-0.542824331335551
2033.04166666667,0.0264474660365517,-0.485882746689302
2033.125,0.0241867674525076,-0.440133026758151
2033.20833333333,0.0222589960334537,-0.401038964152141
2033.29166666667,0.0205242872300774,-0.365795618110443
2033.375,0.0189512556114037,-0.333784100713495
2033.45833333333,0.0175099686527841,-0.30440937572243
2033.54166666667,0.0161889590677103,-0.277448801346598
2033.625,0.0149780784367886,-0.252704551523124
2033.70833333333,0.0138710022662358,-0.230055303071519
2033.79166666667,0.0128597407456865,-0.209344365349559
2033.875,0.0119381559077016,-0.190451783574991
2033.95833333333,0.0111038395422567,-0.173333191682458
2034.04166666667,0.0103458409394176,-0.15776810851042
2034.125,0.0096583797605149,-0.143641266285564
2034.20833333333,0.00903530222235107,-0.130829069810733
2034.29166666667,0.00847210753951625,-0.119241359350361
2034.375,0.00842641946263813,-0.118301042586907
2034.45833333333,0.00859744604895782,-0.121820759309105
2034.54166666667,0.00873019775069258,-0.124552366305161
2034.625,0.00882372388354792,-0.126476618368779
2034.70833333333,0.00887829595311725,-0.127599327483488
2034.79166666667,0.00888829471814583,-0.127805025055524
2034.875,0.00885432831510049,-0.127106249722103
2034.95833333333,0.00877821872069634,-0.125540395535542
2035.04166666667,0.00866287182556984,-0.12316705862537
2035.125,0.00851291607809727,-0.120081212896661
2035.20833333333,0.00837551640718483,-0.117253344558267
2035.29166666667,0.0082259617225801,-0.114174868179369
2035.375,0.00804933703142092,-0.110538582053701
2035.45833333333,0.0078508069219946,-0.106450548239894
2035.54166666667,0.00763639321446002,-0.102034535540736
2035.625,0.00741140447349159,-0.0973997038514528
2035.70833333333,0.00718005752633633,-0.092632803786852
2035.79166666667,0.00695590523434196,-0.088013097458312
2035.875,0.0067439779581022,-0.0836443923086261
2035.95833333333,0.00654284664544977,-0.0794973806101689
2036.04166666667,0.00647984223502289,-0.0781981570719528
2036.125,0.00745191190077735,-0.0982342452821695
2036.20833333333,0.00814828980228964,-0.112575865512616
2036.29166666667,0.00859378408237173,-0.121745402566348
2036.375,0.0088280583110866,-0.126565792621832
2036.45833333333,0.00889306584746537,-0.127903177423988
2036.54166666667,0.00882776585608617,-0.126559775817241
2036.625,0.00869210920292214,-0.123768662460092
2036.70833333333,0.00849639044999547,-0.119741114002253
2036.79166666667,0.00825226861213295,-0.114716410084294
2036.875,0.00797787557162753,-0.109067176510647
2036.95833333333,0.0076874635783874,-0.103086454272003
2037.04166666667,0.00739140139257281,-0.0969875842487753
2037.125,0.00709756904986595,-0.0909328633509865
2037.20833333333,0.00681142114434398,-0.0850347781329505
2037.29166666667,0.00653697987342462,-0.0793764044673882
2037.375,0.00627677498874407,-0.0740101193461483
2037.45833333333,0.0060323571099542,-0.0689681425020358
2037.54166666667,0.00580446353994447,-0.0642659272170825
2037.625,0.00559330140238494,-0.0599079813997809
2037.70833333333,0.00539868109526904,-0.0558906094338181
2037.79166666667,0.00521990210872849,-0.0521995465465297
2037.875,0.00506327842039529,-0.0489653586149315
2037.95833333333,0.00492190449006749,-0.0460456343007563
2038.04166666667,0.00479294386349927,-0.0433819156509231
2038.125,0.0046756707056802,-0.040959306767588
2038.20833333333,0.00456896672250193,-0.0387547872235615
2038.29166666667,0.00454225046920309,-0.0382027887893552
2038.375,0.00454057708495753,-0.0381682136344885
2038.45833333333,0.00455889502897106,-0.0385466924458813
2038.54166666667,0.00456401341974519,-0.0386524455672284
2038.625,0.00455795416864802,-0.0385272528951036
2038.70833333333,0.00454264487219225,-0.0382109378623295
2038.79166666667,0.00453826155136111,-0.0381203704134326
2038.875,0.00453047195553681,-0.0379594220952884
2038.95833333333,0.00455638800932239,-0.0384948937115382
2039.04166666667,0.00457445710279015,-0.0388682250055998
2039.125,0.00457859825558662,-0.038953785732068
2039.20833333333,0.0045707069248917,-0.0387907419405725
2039.29166666667,0.00455265119697057,-0.0384176853997948
2039.375,0.00452597705325083,-0.0378665480331306
2039.45833333333,0.00449255851069022,-0.0371760381091203
2039.54166666667,0.00445390641768509,-0.0363773612804304
2039.625,0.00443145683536496,-0.035913466375866
2039.70833333333,0.00440033010435974,-0.0352702509023209
2039.79166666667,0.0043624619038675,-0.0344876999562599
2039.875,0.00431977071608053,-0.0336054458578412
2039.95833333333,0.0042746979237663,-0.0326739327554271
2040.04166666667,0.004228627716486,-0.0317217628264153
2040.125,0.00418273432359239,-0.0307732036467086
2040.20833333333,0.00413780120572567,-0.0298444499771113
2040.29166666667,0.00409447666899425,-0.0289489056643587
2040.375,0.00405413074011389,-0.0281148960826915
2040.45833333333,0.00401654942189034,-0.0273380047921128
2040.54166666667,0.00398082470250478,-0.0265994665514241
2040.625,0.00394726496500811,-0.0259056610144572
2040.70833333333,0.00391596338380478,-0.0252585190434695
2040.79166666667,0.00388696883110533,-0.024659055471507
2040.875,0.00386023876337141,-0.0241063948213424
2040.95833333333,0.0038357123248832,-0.0235992825698431
2041.04166666667,0.00381330401090447,-0.0231359540994296
2041.125,0.00379285145001081,-0.0227130549537711
2041.20833333333,0.00377427747736488,-0.0223289920248867
2041.29166666667,0.00375744146545698,-0.0219808595789951
2041.375,0.00377474278147118,-0.022338613427877
2041.45833333333,0.00382424820292839,-0.0233622444317165
2041.54166666667,0.00387522357006691,-0.0244162167689541
2041.625,0.00392167649368166,-0.0253766357758195
2041.70833333333,0.00395486786503173,-0.0260628434892735
2041.79166666667,0.00397924272058661,-0.0265667615797239
2041.875,0.00402520917399386,-0.0275170241451791
2041.95833333333,0.0040567620098516,-0.0281692893168263
2042.04166666667,0.00407609145372385,-0.028568860446528
2042.125,0.00408511968931797,-0.0287554861544715
2042.20833333333,0.00408909353037685,-0.0288376302314453
2042.29166666667,0.00409336681947235,-0.0289259638954545
2042.375,0.0040876259308091,-0.0288072932202252
2042.45833333333,0.109012032358958,-2.08781138633983
2042.54166666667,0.245408407292216,-4.46092633167181
2042.625,0.325283173109241,-5.70756819920483
2042.70833333333,0.386681230335086,-6.60038531175036
2042.79166666667,0.434159674480051,-7.2541699329106
2042.875,0.470618501531222,-7.735560338439
2042.95833333333,0.497885260157177,-8.08428271567201
2043.04166666667,0.517254122613783,-8.32628360203983
2043.125,0.529670401175533,-8.47896925632578
2043.20833333333,0.5358244100439,-8.55394664551654
2043.29166666667,0.536472945933145,-8.56182124327397
2043.375,0.532342039499747,-8.51157585450877
2043.45833333333,0.524214745096553,-8.41211330995852
2043.54166666667,0.512746309267137,-8.27037928967718
2043.625,0.498599762939097,-8.09329346128284
2043.70833333333,0.482350906133132,-7.88677559614038
2043.79166666667,0.464554410163134,-7.65670393723436
2043.875,0.445666059599561,-7.40799614293466
2043.95833333333,0.4261184681468,-7.14561336107021
2044.04166666667,0.40627905482512,-6.87401703468431
2044.125,0.386460153895669,-6.59726787455467
2044.20833333333,0.366926752862638,-6.3190854731556
2044.29166666667,0.347876312746627,-6.04249651637408
2044.375,0.329479450613178,-5.7703487889876
2044.45833333333,0.311784765546914,-5.50382221489235
2044.54166666667,0.294822244405954,-5.24385813807265
2044.625,0.278587728750912,-4.99088728747966
2044.70833333333,0.263042274816217,-4.74477398425839
2044.79166666667,0.248138333080051,-4.50519734186922
2044.875,0.233820080497877,-4.27164804802914
2044.95833333333,0.220045013966323,-4.04378056520869
2045.04166666667,0.206792360484252,-3.82157228831691
2045.125,0.193764791691609,-3.60024888747291
2045.20833333333,0.175356607347824,-3.28255843559074
2045.29166666667,0.158357737772558,-2.98395081255941
2045.375,0.142709084866949,-2.70453799271779
2045.45833333333,0.128354192118725,-2.444352062965
2045.54166666667,0.115234002020468,-2.20325633929698
2045.625,0.103290383747434,-1.98101374526872
2045.70833333333,0.0924671761289739,-1.77731391633336
2045.79166666667,0.0826849477072951,-1.5912995445119
2045.875,0.0738734072681425,-1.42217844325514
2045.95833333333,0.0659596957761116,-1.26901407529984
2046.04166666667,0.058872959729051,-1.13082272244789
2046.125,0.052543954404724,-1.00657653260374
2046.20833333333,0.0469073553023675,-0.895259168612264
2046.29166666667,0.0419879856055671,-0.797592293944603
2046.375,0.0375991457737877,-0.710051854288057
2046.45833333333,0.0336880490875192,-0.631716144926347
2046.54166666667,0.0302085231832317,-0.561766406007769
2046.625,0.0271215462793216,-0.499504092299039
2046.70833333333,0.0243903443308028,-0.444257047439368
2046.79166666667,0.0219712793635137,-0.395197774416131
2046.875,0.0198297815078466,-0.351668491692979
2046.95833333333,0.0179356711721294,-0.313089982225598
2047.04166666667,0.0162601569209811,-0.278902791389156
2047.125,0.01478881135849,-0.248834185399593
2047.20833333333,0.0134926489691919,-0.222308966671579
2047.29166666667,0.0123442260206266,-0.198778407424314
2047.375,0.0113281490119877,-0.177937001071252
2047.45833333333,0.0106607925986773,-0.164236899797796
2047.54166666667,0.0101670528488214,-0.154095073756304
2047.625,0.00971602173466552,-0.144826141234731
2047.70833333333,0.00930054491100111,-0.136284168517051
2047.79166666667,0.00891433221871215,-0.128340666620422
2047.875,0.00855220594050166,-0.120889779189764
2047.95833333333,0.0082103470772334,-0.113853425311164
2048.04166666667,0.007886023670004,-0.107175773311445
2048.125,0.00757766218166747,-0.100824760230254
2048.20833333333,0.00728417928689664,-0.0947783674379624
2048.29166666667,0.00700504499975773,-0.0890259407738121
2048.375,0.00673997859699193,-0.083561939892896
2048.45833333333,0.00648898637706311,-0.0783867248949827
2048.54166666667,0.00625219038902506,-0.0735030314078733
2048.625,0.0125858472073167,-0.203731338523467
2048.70833333333,0.021514939717855,-0.385929773646079
2048.79166666667,0.0292641232192095,-0.542738875540796
2048.875,0.0356021810390495,-0.670092747607692
2048.95833333333,0.0404605740778388,-0.767169899141149
2049.04166666667,0.0438875383041589,-0.835362082002638
2049.125,0.046016060783017,-0.877599442812765
2049.20833333333,0.0470421360140466,-0.897928285799341
2049.29166666667,0.0472272837449818,-0.901594255061623
2049.375,0.046635057419525,-0.889865645324471
2049.45833333333,0.0455105950972128,-0.867577366826467
2049.54166666667,0.0439224928824638,-0.836056429908851
2049.625,0.0419901839876288,-0.797636046992596
2049.70833333333,0.0399450776396227,-0.756891947324414
2049.79166666667,0.0377816606315273,-0.713699983901037
2049.875,0.0355375452837109,-0.668798057581889
2049.95833333333,0.033270919708634,-0.623343327994028
2050.04166666667,0.0310280878198315,-0.578264228665529
2050.125,0.0288432754149537,-0.53425395115109
2050.20833333333,0.0267439472887837,-0.491874965151218
2050.29166666667,0.0247454328424327,-0.451448352205937
2050.375,0.0228599335728672,-0.413233707343204
2050.45833333333,0.021094307741036,-0.37738322878051
2050.54166666667,0.019459805068385,-0.344138695614872
2050.625,0.017948108655162,-0.313343542496201
2050.70833333333,0.0168209174675953,-0.290350926890967
2050.79166666667,0.0157524096304796,-0.268531401812756
2050.875,0.0147695552994149,-0.248440372750884
2050.95833333333,0.013841902234345,-0.229459618360855
2051.04166666667,0.0129593423719363,-0.211385166338459
2051.125,0.0121263332512654,-0.194310852769968
2051.20833333333,0.0113453174186886,-0.178289329170695
2051.29166666667,0.0106189298055477,-0.163377197400726
2051.375,0.00994813679980089,-0.149596753066968
2051.45833333333,0.0093369173502124,-0.137032107418827
2051.54166666667,0.00881630393524924,-0.12632396332262
2051.625,0.0084018043125935,-0.117794414743564
2051.70833333333,0.00802800151225359,-0.110099290518734
2051.79166666667,0.00767079226533523,-0.10274307381608
2051.875,0.00733294756778434,-0.0957832241715258
2051.95833333333,0.00701506556663648,-0.0892324733830185
2052.04166666667,0.00671745150806831,-0.0830975063282778
2052.125,0.00643997826554149,-0.077376073806991
2052.20833333333,0.006182188527755,-0.0720590876898064
2052.29166666667,0.00597879636650669,-0.0678630995044621
2052.375,0.00581360945769368,-0.0644546590805429
2052.45833333333,0.00565500490593172,-0.0611815080999219
2052.54166666667,0.00550335036454109,-0.0580513001975675
2052.625,0.0053602777929607,-0.0550977922367034
2052.70833333333,0.00522403855500753,-0.0522849548872437
2052.79166666667,0.00509473478775796,-0.0496149549300078
2052.875,0.00497339844086886,-0.0471091606278959
2052.95833333333,0.00485921321098526,-0.0447507708955678
2053.04166666667,0.00475187581364132,-0.0425335712097322
2053.125,0.00465140399626845,-0.040457973747533
2053.20833333333,0.00455792178245387,-0.0385265837486251
2053.29166666667,0.00447112046980065,-0.0367330628958887
2053.375,0.004390814001739,-0.0350736022777362
2053.45833333333,0.00431674104580029,-0.0335428334016133
2053.54166666667,0.00424865605573237,-0.0321357099692376
2053.625,0.00418643102023422,-0.0308496113667673
2053.70833333333,0.00412954675141552,-0.029673828418346
2053.79166666667,0.00407765733541678,-0.0286012294367744
2053.875,0.00403043453866502,-0.0276250451251607
2053.95833333333,0.00398755984876053,-0.0267387044587271
2054.04166666667,0.00394871743859081,-0.0259356895685243
2054.125,0.00391357041152912,-0.0252090449011058
2054.20833333333,0.00388184279189756,-0.0245530725915534
2054.29166666667,0.00385325015607123,-0.0239618986154411
2054.375,0.00382750172785528,-0.0234295162786229
2054.45833333333,0.00380436029168938,-0.0229510252061814
2054.54166666667,0.00378358936638199,-0.0225215393059546
2054.625,0.00376496405221421,-0.0221364111868713
2054.70833333333,0.0037482830520392,-0.0217914808638442
2054.79166666667,0.00373336052492839,-0.0214829074342711
2054.875,0.00372001920423272,-0.0212070268659273
2054.95833333333,0.00370809868550191,-0.0209605234577403
2055.04166666667,0.00369746875164848,-0.0207407054676269
2055.125,0.00368799080696523,-0.0205447076631178
2055.20833333333,0.00367953555540876,-0.0203698569273674
2055.29166666667,0.00367201680683147,-0.0202143714031229
2055.375,0.00366534827180048,-0.0200764670684148
2055.45833333333,0.00365941834297117,-0.0199538362300738
2055.54166666667,0.0038034894078597,-0.0229330178907422
2055.625,0.0039908713479582,-0.0268071638335686
2055.70833333333,0.004124297981886,-0.0295653343554435
2055.79166666667,0.00421531982555413,-0.0314467098037016
2055.875,0.00427253624898757,-0.0326292566696365
2055.95833333333,0.00433047139764749,-0.0338265891819064
2056.04166666667,0.00436807083477584,-0.0346036110618674
2056.125,0.00438510309609804,-0.0349555864960119
2056.20833333333,0.00439932773704608,-0.0352495372422933
2056.29166666667,0.00441441296365466,-0.0355612673345676
2056.375,0.00441436711817508,-0.0355603199634413
2056.45833333333,0.00440165594018571,-0.0352976489231933
2056.54166666667,0.0043788657443094,-0.0348266909422945
2056.625,0.00434871028961567,-0.0342035138487878
2056.70833333333,0.00431305422722861,-0.0334666397830636
2056.79166666667,0.004273755551812,-0.0326544564377928
2056.875,0.00423228101756987,-0.0317972701317751
2056.95833333333,0.00419728289491783,-0.031073909179574
2057.04166666667,0.00418480247272431,-0.0308159506459625
2057.125,0.00416686034308472,-0.0304450981392713
2057.20833333333,0.00415739844274512,-0.0302495239454764
2057.29166666667,0.00414989116625183,-0.0300943498311389
2057.375,0.00413713999234794,-0.0298307825892233
2057.45833333333,0.00412035923614519,-0.0294839186086045
2057.54166666667,0.00410274547225192,-0.0291198298123166
2057.625,0.00409205240667048,-0.0288987935532556
2057.70833333333,0.00407706556935729,-0.0285889968009601
2057.79166666667,0.00405919283240582,-0.0282195388080807
2057.875,0.00403902426585169,-0.0278026144236875
2057.95833333333,0.00401707448127877,-0.0273488591645291
2058.04166666667,0.00400949229618582,-0.0271921147029832
2058.125,0.00467264811048538,-0.0408968627560889
2058.20833333333,0.00541239403313125,-0.0561736988821133
2058.29166666667,0.00586667497512192,-0.0655496659176639
2058.375,0.00611140019643098,-0.0705988184895738
2058.45833333333,0.00622755101435719,-0.0729948011597657
2058.54166666667,0.0064930150117893,-0.0784698016749902
2058.625,0.00671387739760536,-0.0830238191096787
2058.70833333333,0.00685850818736304,-0.0860054530339054
2058.79166666667,0.006959545569652,-0.088088131865468
2058.875,0.00703283065815762,-0.0895986223021053
2058.95833333333,0.00707100440094199,-0.0903853834460774
2059.04166666667,0.00705047028934647,-0.0899621789745502
2059.125,0.00698239928835534,-0.0885591853185588
2059.20833333333,0.00687821867285004,-0.0864117608699766
2059.29166666667,0.00674483534369354,-0.0836620684672939
2059.375,0.00659917709816742,-0.080658910142935
2059.45833333333,0.00646515848207116,-0.0778953494051006
2059.54166666667,0.00631393980171147,-0.0747766661579578
2059.625,0.00615100744840619,-0.0714158761994557
2059.70833333333,0.00598258755918115,-0.067941319762464
2059.79166666667,0.00581300509169274,-0.0644421876547606
2059.875,0.00564581557666434,-0.0609918503296984
2059.95833333333,0.00551753130014686,-0.0583440202673286
2060.04166666667,0.00560930109419593,-0.060238213869213
2060.125,0.0057194385545327,-0.0625112996360491
2060.20833333333,0.00579003549467913,-0.0639681917639325
2060.29166666667,0.00582519780031859,-0.0646937894646411
2060.375,0.0058290866881951,-0.0647740377007536
2060.45833333333,0.00593033658396818,-0.0668632464108215
2060.54166666667,0.00598894435402521,-0.0680724731098468
2060.625,0.00600732937421385,-0.068451788027092
2060.70833333333,0.00603905101709266,-0.0691062442512413
2060.79166666667,0.00619515162376195,-0.0723264879351059
2060.875,0.00637051366635624,-0.0759434817451698
2060.95833333333,0.00662063121057626,-0.0811012750591827
2061.04166666667,0.00815347504137381,-0.112682615952117
2061.125,0.00963684169723457,-0.143198517362383
2061.20833333333,0.0105567200188833,-0.162099578737589
2061.29166666667,0.0110492218095775,-0.172212041064854
2061.375,0.0112284120203031,-0.175890090169906
2061.45833333333,0.0111796251769383,-0.174888759208843
2061.54166666667,0.010974508941485,-0.170678293856234
2061.625,0.0106612669631873,-0.164246641232685
2061.70833333333,0.0102882041850159,-0.156584086814772
2061.79166666667,0.00987960031376554,-0.148188252375524
2061.875,0.00945105313473542,-0.139378943959806
2061.95833333333,0.00914957250314033,-0.133179380460641
2062.04166666667,0.00883353961859549,-0.126678561632174
2062.125,0.00851230517564446,-0.120068640569953
2062.20833333333,0.00833276526589073,-0.116373389838379
2062.29166666667,0.00813775330244459,-0.112358944978625
2062.375,0.00793228867426567,-0.108128478373432
2062.45833333333,0.00775074145768678,-0.104389742046211
2062.54166666667,0.00773204458264989,-0.104004664895052
2062.625,0.00763883326743482,-0.102084795606322
2062.70833333333,0.00749267012512804,-0.0990739195608883
2062.79166666667,0.00731125237166882,-0.0953362067987211
2062.875,0.00710755324571745,-0.0911386272864001
2062.95833333333,0.00689114967907403,-0.0866783135843933
2063.04166666667,0.00666962847274662,-0.0821115198958563
2063.125,0.00644838735018507,-0.0775494904680209
2063.20833333333,0.00623155832343195,-0.0730774597792643
2063.29166666667,0.00602061379095682,-0.0687258642911164
2063.375,0.00583008734824876,-0.0647946865367398
2063.45833333333,0.0056547007614094,-0.0611752309153775
2063.54166666667,0.00548423344962458,-0.0576566860486698
2063.625,0.00532177989973139,-0.0543029916968058
2063.70833333333,0.00516857404738533,-0.0511397077787528
2063.79166666667,0.00502524551713363,-0.048179924876095
2063.875,0.00494686771566002,-0.0465612171876315
2063.95833333333,0.00491142610430919,-0.0458292130656068
2064.04166666667,0.00486941792068108,-0.0449615506421706
2064.125,0.0048222016431099,-0.0439862735892066
2064.20833333333,0.00477078609414802,-0.0429242060009388
2064.29166666667,0.00471559081938539,-0.0417840015600371
2064.375,0.00465744203852673,-0.0405827165587229
2064.45833333333,0.00459733201378239,-0.0393408411504054
2064.54166666667,0.00453664562815051,-0.0380869823755875
2064.625,0.0044793560430637,-0.0369032360438638
2064.70833333333,0.00452990074236233,-0.0379476196621272
2064.79166666667,0.00465506039071772,-0.0405335130442224
2064.875,0.00475302200310841,-0.0425572485666001
2064.95833333333,0.00482704247544766,-0.0440862656464014
2065.04166666667,0.00487799091286211,-0.045138625366265
2065.125,0.00504069416966758,-0.0484989652042525
2065.20833333333,0.00523152767911601,-0.0524395876087398
2065.29166666667,0.00537676328818395,-0.0554381308681005
2065.375,0.00550861114163906,-0.0581598926029028
2065.45833333333,0.00559775556613348,-0.0599999155446722
2065.54166666667,0.00564585804650765,-0.0609927268651211
2065.625,0.00565708867015248,-0.0612245144866475
2065.70833333333,0.00564654639036455,-0.0610069335941024
2065.79166666667,0.00562973322247811,-0.0606599238215091
2065.875,0.00558865132346453,-0.0598120031198168
2065.95833333333,0.00552911235110162,-0.0585830709527891
2066.04166666667,0.00545489092749498,-0.0570509787467274
2066.125,0.00536990194732197,-0.0552964810062181
2066.20833333333,0.0052772998201884,-0.0533846490278298
2066.29166666667,0.00518574550709653,-0.0514942758071086
2066.375,0.00512665763723529,-0.0502741635414847
2066.45833333333,0.0050517822903151,-0.0487279502697694
2066.54166666667,0.00496751794530058,-0.0469877110377518
2066.625,0.00487836687348236,-0.0451463907792986
2066.70833333333,0.00478751752996482,-0.0432698256473844
2066.79166666667,0.0046973091930105,-0.0414063323213886
2066.875,0.00460936161898095,-0.0395893792283178
2066.95833333333,0.00452493782308267,-0.0378450753095512
2067.04166666667,0.00444480568190235,-0.0361893062547634
2067.125,0.00441095021984215,-0.0354897115533183
2067.20833333333,0.00991057847024308,-0.148824899754605
2067.29166666667,0.0334471273090496,-0.62688067582763
2067.375,0.0549741114989209,-1.054376541063
2067.45833333333,0.0737473269175024,-1.41974773552466
2067.54166666667,0.0896131705680172,-1.72323132572528
2067.625,0.102601144071273,-1.9681074299831
2067.70833333333,0.112763894421647,-2.15751091742953
2067.79166666667,0.120238618961222,-2.29559420541969
2067.875,0.125212636583538,-2.38691075084642
2067.95833333333,0.127911899154711,-2.43627593245273
2068.04166666667,0.129295473325149,-2.46152767646997
2068.125,0.128977682095601,-2.45573072886443
2068.20833333333,0.12714872719782,-2.42233225037919
2068.29166666667,0.124061543885,-2.36581855031399
2068.375,0.119972490384281,-2.29069561529763
2068.45833333333,0.115101873398052,-2.20081222857298
2068.54166666667,0.109658422678283,-2.09983823744233
2068.625,0.103813576573315,-1.99080482305079
2068.70833333333,0.0977670221430272,-1.87733595392922
2068.79166666667,0.0915904300886138,-1.76071625133119
2068.875,0.0854085130601684,-1.64327253097117
2068.95833333333,0.0793386980605878,-1.52724995917819
2069.04166666667,0.0734195350021221,-1.41342678878485
2069.125,0.0677131754197269,-1.30305605888917
2069.20833333333,0.0622635808032957,-1.1970620276797
2069.29166666667,0.0571034529936315,-1.09616427631512
2069.375,0.052252884206214,-1.00084352961306
2069.45833333333,0.0477225743112735,-0.911397790654948
2069.54166666667,0.0435168474643554,-0.827997077704945
2069.625,0.0396319747314678,-0.750646724547787
2069.70833333333,0.036077536072319,-0.679611802191538
2069.79166666667,0.0328994933543715,-0.615884943566043
2069.875,0.030128684308864,-0.560158527921138
2069.95833333333,0.0278393817556438,-0.513999521611742
2070.04166666667,0.0257891820869142,-0.472571737014026
2070.125,0.0239259774971104,-0.434848767942984
2070.20833333333,0.0221835219513249,-0.399506860883475
2070.29166666667,0.0205561904754044,-0.366444334873228
2070.375,0.0190337699394773,-0.335464536002878
2070.45833333333,0.0176176663190228,-0.306605814956411
2070.54166666667,0.0163060436653402,-0.279839827557367
2070.625,0.0150958488795722,-0.255112496766647
2070.70833333333,0.0139832515248215,-0.232352910232277
2070.79166666667,0.0129639537292024,-0.211479646443504
2070.875,0.0120319390105226,-0.192375142453493
2070.95833333333,0.0111828168165103,-0.17495426786156
2071.04166666667,0.0104128657070852,-0.159144900690217
2071.125,0.00971635340443045,-0.144832958763282
2071.20833333333,0.00908440971022657,-0.131839145321457
2071.29166666667,0.0085127710776617,-0.120078228799255
2071.375,0.00799679747472846,-0.10945679246014
2071.45833333333,0.00753164138676746,-0.0998767479974642
2071.54166666667,0.00711279495237713,-0.0912466526091856
2071.625,0.006736149268762,-0.0834829926334737
2071.70833333333,0.00639819564933473,-0.0765143886247021
2071.79166666667,0.00609518050952637,-0.0702642133477903
2071.875,0.00582384839460008,-0.0646659440456495
2071.95833333333,0.00558111319518397,-0.0596564141485363
2072.04166666667,0.00536403941276575,-0.055175450363662
2072.125,0.00516991366289142,-0.0511673692936544
2072.20833333333,0.00499648304160949,-0.0475859188641551
2072.29166666667,0.00484187669381599,-0.0443926777086359
2072.375,0.00474053236644468,-0.042299243001039
2072.45833333333,0.00467895944707929,-0.0410272488982594
2072.54166666667,0.0046173570089495,-0.0397545666077713
2072.625,0.00455592311906437,-0.0384852883768667
2072.70833333333,0.00449489903022682,-0.0372243997956883
2072.79166666667,0.0044346662782448,-0.0359797864748361
2072.875,0.00437572521176684,-0.0347617911911091
2072.95833333333,0.0044225107420103,-0.0357286027017454
2073.04166666667,0.00455464483099154,-0.038458876992164
2073.125,0.00466569606676371,-0.0407532392685889
2073.20833333333,0.00475828535114184,-0.0426659755911465
2073.29166666667,0.00485029189757799,-0.0445664981217123
2073.375,0.00508482842955739,-0.0494103838054951
2073.45833333333,0.0052446253733086,-0.0527100212698124
2073.54166666667,0.00541511490034448,-0.0562298679158364
2073.625,0.00553408319917913,-0.0586856760454308
2073.70833333333,0.00559669825318892,-0.0599780925938702
2073.79166666667,0.00561476143702643,-0.0603509137368148
2073.875,0.00560579889383385,-0.0601659291614353
2073.95833333333,0.00557127326199609,-0.0594533135474318
2074.04166666667,0.00552055562925069,-0.058406447333859
2074.125,0.00545003893246051,-0.0569508190175928
2074.20833333333,0.0053812305725474,-0.0555303557905319
2074.29166666667,0.00553490729661801,-0.0587026864926916
2074.375,0.00563222681016067,-0.0607113897615326
2074.45833333333,0.0056754851883961,-0.0616041926040033
2074.54166666667,0.00567237872285693,-0.0615400800390637
2074.625,0.0056317920555829,-0.0607024167343781
2074.70833333333,0.005562887148316,-0.0592802188507036
2074.79166666667,0.00551246057053741,-0.0582393517457918
2074.875,0.00546276452403833,-0.0572135123589235
2074.95833333333,0.00539504847150033,-0.0558156170151512
2075.04166666667,0.0053146648645179,-0.0541560963130007
2075.125,0.00522548642817371,-0.0523148501381581
2075.20833333333,0.00513105971019236,-0.0503650649410833
2075.29166666667,0.0050341825541989,-0.0483644901328369
2075.375,0.00493650809026,-0.0463472541903343
2075.45833333333,0.00483979353976443,-0.044349648851738
2075.54166666667,0.00474541725165374,-0.0424001532514516
2075.625,0.0046543675807621,-0.0405191999552048
2075.70833333333,0.00456741841502179,-0.0387227972382858
2075.79166666667,0.00448506274509077,-0.0370211538435921
2075.875,0.00440760085354282,-0.0354204984230557
2075.95833333333,0.00433518538188478,-0.0339240089679933
2076.04166666667,0.004268489708739,-0.0325456251528818
2076.125,0.00420695058412928,-0.0312737289674555
2076.20833333333,0.00414999744799417,-0.0300965466646069
2076.29166666667,0.00409755390426311,-0.029012515253959
2076.375,0.00404948727143468,-0.0280189066088093
2076.45833333333,0.00400557071856605,-0.0271110445232832
2076.54166666667,0.00396558077652739,-0.0262843203619656
2076.625,0.00392874141296594,-0.0255226998051547
2076.70833333333,0.00389700829086849,-0.0248666236830713
2076.79166666667,0.00387136279707271,-0.0243363928793536
2076.875,0.00384772345806345,-0.0238476280810899
2076.95833333333,0.00382528422679156,-0.0233836659107448
2077.04166666667,0.00380449121331758,-0.0229537322789217
2077.125,0.00378980648338627,-0.0226500932092784
2077.20833333333,0.00377532567454566,-0.0223506662899816
2077.29166666667,0.0037611298420231,-0.0220571277595728
2077.375,0.00392956056530563,-0.0255396353446703
2077.45833333333,0.00420938053361355,-0.0313239528671768
2077.54166666667,0.00444611534493151,-0.0362163688659485
2077.625,0.00463909908688363,-0.0402037583909244
2077.70833333333,0.00479065614192406,-0.0433346590060055
2077.79166666667,0.00490357170985761,-0.0456669864240806
2077.875,0.00498287174879522,-0.0473048108956587
2077.95833333333,0.00503782724969609,-0.0484397589186235
2078.04166666667,0.00506413339868996,-0.0489830147937656
2078.125,0.0050661577244389,-0.0490248191368775
2078.20833333333,0.00504786767269961,-0.048647108278188
2078.29166666667,0.00501318450194046,-0.0479308414583059
2078.375,0.00496545417012704,-0.0469450878197487
2078.45833333333,0.00490797372832505,-0.0457579069793232
2078.54166666667,0.00484343871100449,-0.0444249420971143
2078.625,0.00477425584597475,-0.0429958808030636
2078.70833333333,0.0048155362225956,-0.0438485921127204
2078.79166666667,0.00506198867965396,-0.0489387241170281
2078.875,0.00527540640451084,-0.0533455563656262
2078.95833333333,0.00543911992200896,-0.0567254161172484
2079.04166666667,0.00555720125522112,-0.059162857590975
2079.125,0.00563456462101199,-0.0607596404580086
2079.20833333333,0.0056749191283571,-0.0615925100295607
2079.29166666667,0.00568272781931991,-0.0617536683463978
2079.375,0.00566283744923181,-0.0613431619063423
2079.45833333333,0.00562003757622846,-0.0604598111111947
2079.54166666667,0.00555861405364614,-0.0591920189125825
2079.625,0.00648794670949415,-0.0783652852612955
2079.70833333333,0.00725452999390369,-0.0941674281276809
2079.79166666667,0.007678658023029,-0.102905086211042
2079.875,0.00802494544854362,-0.110036366374232
2079.95833333333,0.00926692221967955,-0.135592749423605
2080.04166666667,0.0100886503977346,-0.152484161301374
2080.125,0.0105012953689707,-0.160961241251114
2080.20833333333,0.0106191338786436,-0.163381388372494
2080.29166666667,0.010554500381209,-0.16205399198947
2080.375,0.0103502676702127,-0.157859043239662
2080.45833333333,0.0100518328539023,-0.151727638309765
2080.54166666667,0.00969446232781436,-0.144382979101474
2080.625,0.00930436406677925,-0.13636270440122
2080.70833333333,0.00890008671436008,-0.1280476108705
2080.79166666667,0.00849534952340741,-0.11971969145244
2080.875,0.00810310418253553,-0.111645588976557
2080.95833333333,0.00774414723155094,-0.104253929486977
2081.04166666667,0.00739576070286132,-0.0970773989770076
2081.125,0.0071375956577256,-0.091757757890643
2081.20833333333,0.00701778576815375,-0.0892885387478618
2081.29166666667,0.00689023365884689,-0.0866594313561325
2081.375,0.00675459194877493,-0.0838632129534696
2081.45833333333,0.00661265301736421,-0.0809367728451229
2081.54166666667,0.00646614212187264,-0.0779156341180481
2081.625,0.00631621840685846,-0.0748236628444599
2081.70833333333,0.00624866143709107,-0.0734302413630688
2081.79166666667,0.00622981917543684,-0.0730415864770892
2081.875,0.00619396901697608,-0.0723020934940102
2081.95833333333,0.00614299539754056,-0.0712505982720627
2082.04166666667,0.00607860833461381,-0.0699223309250748
2082.125,0.00600211706839329,-0.068344249807999
2082.20833333333,0.00591486493470657,-0.0665440152862953
2082.29166666667,0.00581985232053638,-0.0645834835576748
2082.375,0.00571975472436832,-0.0625178245864271
2082.45833333333,0.0056138264895636,-0.0603316167402465
2082.54166666667,0.00550395950809822,-0.0580638741037927
2082.625,0.00539187754524381,-0.0557501557250624
2082.70833333333,0.00527919277420102,-0.053423732084214
2082.79166666667,0.00516773337534584,-0.0511223488519594
2082.875,0.00506318778512163,-0.0489634869026717
2082.95833333333,0.00497501179139795,-0.0471424809533814
2083.04166666667,0.00489885914400745,-0.0455696512903144
2083.125,0.00482188603887761,-0.0439797544628253
2083.20833333333,0.00474507131677696,-0.0423930070659571
2083.29166666667,0.00466919254837477,-0.0408254738187034
2083.375,0.00459489881383237,-0.0392905695744126
2083.45833333333,0.00452272299748284,-0.0377993121891973
2083.54166666667,0.00445167322245162,-0.0363312153253206
2083.625,0.00438619622235349,-0.0349781759862833
2083.70833333333,0.00434279045905899,-0.03408117547316
2083.79166666667,0.00430705966894725,-0.0333427526730383
2083.875,0.00426950368398538,-0.0325665814293993
2083.95833333333,0.00423179589519654,-0.0317872435217813
2084.04166666667,0.00419385973904934,-0.0310031561028311
2084.125,0.00415609654726829,-0.0302226140733075
2084.20833333333,0.00411887534707203,-0.0294532458328976
2084.29166666667,0.00409434454736637,-0.028946174571258
2084.375,0.00407290532129772,-0.0285029984245586
2084.45833333333,0.00404736699382554,-0.0279750762236961
2084.54166666667,0.00401969048919152,-0.027402938912754
2084.625,0.00399131915967616,-0.0268164215294944
2084.70833333333,0.00396313541198096,-0.0262337655287876
2084.79166666667,0.00407868849369946,-0.0286225449098395
2084.875,0.00421327317208414,-0.031404408394102
2084.95833333333,0.00432011908827148,-0.0336126454537365
2085.04166666667,0.00440096079605006,-0.0352832839715454
2085.125,0.00447360613451225,-0.0367844247855054
2085.20833333333,0.00452257065947644,-0.037796164550499
2085.29166666667,0.0045489693950641,-0.0383416134065973
2085.375,0.00455554577122175,-0.0384774917973942
2085.45833333333,0.00454669964166512,-0.0382947164840237
2085.54166666667,0.00452855279274084,-0.0379197682376715
2085.625,0.0045001526688148,-0.0373329542657632
2085.70833333333,0.00446366330650167,-0.0365789729655115
2085.79166666667,0.00442151135665775,-0.0357079511212716
2085.875,0.00437510980585718,-0.0347490736774775
2085.95833333333,0.00440575599103574,-0.0353823750799417
2086.04166666667,0.00441411878168289,-0.0355551882283424
2086.125,0.00460271595531582,-0.0394520766319156
2086.20833333333,0.00474125366513273,-0.0423141433681179
2086.29166666667,0.00483739996366735,-0.0443002079216161
2086.375,0.00489779998798152,-0.0455477750143642
2086.45833333333,0.00492810098379667,-0.0461736160029476
2086.54166666667,0.0049334790362017,-0.0462846930649146
2086.625,0.00491806972120587,-0.0459664310078224
2086.70833333333,0.00488638826704844,-0.0453120708246532
2086.79166666667,0.00484180390178804,-0.0443911741450355
2086.875,0.00478771189525153,-0.0432738405982771
2086.95833333333,0.00961275535943485,-0.142703373334712
2087.04166666667,0.0148887801241642,-0.25087856101412
2087.125,0.019414092841548,-0.343208162597258
2087.20833333333,0.0230795803662235,-0.417689141178164
2087.29166666667,0.0259443838996822,-0.475710826945551
2087.375,0.0280953369271307,-0.519165571659005
2087.45833333333,0.0295095231342954,-0.547684858812345
2087.54166666667,0.0302300487933261,-0.562199889106594
2087.625,0.0303717799359967,-0.565053840275525
2087.70833333333,0.0300426907066561,-0.55842655593687
2087.79166666667,0.0295035186343253,-0.547563853873394
2087.875,0.0286798713850953,-0.53095851774539
2087.95833333333,0.0276265655057491,-0.509703155537515
2088.04166666667,0.0264133219949832,-0.485192543246434
2088.125,0.0250970129982884,-0.458566089849148
2088.20833333333,0.023723512534193,-0.430745369467078
2088.29166666667,0.0223295788686469,-0.402471671810648
2088.375,0.0209444314441036,-0.374337121970961
2088.45833333333,0.0195903836463984,-0.346796561504286
2088.54166666667,0.018343230303624,-0.321397160618107
2088.625,0.0171595300624481,-0.297260721185936
2088.70833333333,0.0160212365762374,-0.274023192909566
2088.79166666667,0.0149383783122556,-0.251892775233753
2088.875,0.0139283393360391,-0.231228956072242
2088.95833333333,0.0130727561520444,-0.2137087258316
2089.04166666667,0.0122662152283965,-0.197179028502596
2089.125,0.0115103198069428,-0.181675181097934
2089.20833333333,0.0108053525385802,-0.167205333913923
2089.29166666667,0.0101505527253432,-0.153756060991182
2089.375,0.0095442994931619,-0.141296057616945
2089.45833333333,0.00898489190204084,-0.129792145179994
2089.54166666667,0.00847034833091762,-0.119205153470946
2089.625,0.00803219186209411,-0.110185569225117
2089.70833333333,0.00860459153230867,-0.121967799820923
2089.79166666667,0.00887304079286236,-0.127491215937055
2089.875,0.00892186673031749,-0.128495663442496
2089.95833333333,0.00882420097328534,-0.126486433783305
2090.04166666667,0.00862050465065622,-0.122295257877238
2090.125,0.00841051012616226,-0.11797359880825
2090.20833333333,0.00831346735878543,-0.115976165091375
2090.29166666667,0.00816005987520233,-0.112818179569735
2090.375,0.00796826743810783,-0.108869335128341
2090.45833333333,0.00775090868301979,-0.104393186153709
2090.54166666667,0.00751750278967148,-0.0995854890956858
2090.625,0.00727557422400652,-0.0946010574470691
2090.70833333333,0.00703074136297719,-0.0895555610448579
2090.79166666667,0.00678748810326694,-0.0845413934194208
2090.875,0.0065472996935127,-0.0795892044949677
2090.95833333333,0.00640024915873767,-0.0765567391028431
2091.04166666667,0.00625432138419132,-0.0735469863263774
2091.125,0.00610585284930308,-0.0704843797227636
2091.20833333333,0.00595557993672453,-0.0673840893864251
2091.29166666667,0.00581212656756548,-0.0644240588113792
2091.375,0.00566957313871595,-0.0614821770219919
2091.45833333333,0.00552886674071034,-0.0585780012056784
2091.54166666667,0.00539119904232735,-0.0557361485365826
2091.625,0.00525762632842983,-0.052978454015255
2091.70833333333,0.00512902312588072,-0.0503230101757088
2091.79166666667,0.00500603640181527,-0.0477832178725552
2091.875,0.00488934526226102,-0.0453731465476768
2091.95833333333,0.00478034227165381,-0.0431216077407733
2092.04166666667,0.00892236280809391,-0.128505868506092
2092.125,0.0747072870959863,-1.43824712916843
2092.20833333333,0.132785904002487,-2.52507682830244
2092.29166666667,0.181597266695429,-3.39091629119516
2092.375,0.211663801256941,-3.90359460361951
2092.45833333333,0.231899092568474,-4.24005905090246
2092.54166666667,0.24695138760991,-4.48596358176021
2092.625,0.257595717500388,-4.65763584525495
2092.70833333333,0.264519075481994,-4.76831928252574
2092.79166666667,0.268305181093697,-4.8285242651649
2092.875,0.269469301397251,-4.84698982216494
2092.95833333333,0.268450104072146,-4.83082424003714
2093.04166666667,0.265579611943706,-4.78520645450936
2093.125,0.261201765287236,-4.71538119818523
2093.20833333333,0.255568577995639,-4.62508275144358
2093.29166666667,0.248928315528783,-4.51798589969662
2093.375,0.241542360653744,-4.39802380179412
2093.45833333333,0.233500164272614,-4.26639151090445
2093.54166666667,0.224946256777786,-4.12521700806619
2093.625,0.216003174696343,-3.97632256805217
2093.70833333333,0.20677944790893,-3.82135434294065
2093.79166666667,0.197367620200658,-3.66174551086404
2093.875,0.184299195850345,-3.43762108417822
2093.95833333333,0.170250416305621,-3.1933942004199
2094.04166666667,0.156715475584143,-2.95483251145273
2094.125,0.143775690555356,-2.72372182225071
2094.20833333333,0.131493502684968,-2.50157234831071
2094.29166666667,0.119914064148831,-2.28961999752334
2094.375,0.109114224038362,-2.08971329997011
2094.45833333333,0.0993491789275669,-1.90709281333699
2094.54166666667,0.0902316613899566,-1.73496465412839
2094.625,0.0817745260243855,-1.57389464758942
2094.70833333333,0.0739773562931712,-1.42418224986196
2094.79166666667,0.066817861063227,-1.28568192000906
2094.875,0.0602750301924654,-1.15824086232847
2094.95833333333,0.0543197123928632,-1.04151625521268
2095.04166666667,0.0489166296914457,-0.935012376221887
2095.125,0.0440375738095085,-0.838342259419448
2095.20833333333,0.0396557913695482,-0.751121845416775
2095.29166666667,0.0357150118245869,-0.672352610283784
2095.375,0.0321786740821445,-0.60140270745735
2095.45833333333,0.0290101804154183,-0.537619434138959
2095.54166666667,0.0261774935939326,-0.480424755358562
2095.625,0.0236474632348121,-0.429203848238391
2095.70833333333,0.0213918608371291,-0.383429386750378
2095.79166666667,0.0193822609332817,-0.342560156753316
2095.875,0.0175940720553842,-0.306124642161086
2095.95833333333,0.0160043219656198,-0.273677692543396
2096.04166666667,0.0145915354437954,-0.244799264973724
2096.125,0.013337702333879,-0.219135771515379
2096.20833333333,0.0122247625587731,-0.196329114223031
2096.29166666667,0.0112377179857059,-0.17608108593795
2096.375,0.0103628814316656,-0.15811815527123
2096.45833333333,0.00958797597630979,-0.142193969894259
2096.54166666667,0.00890120518749917,-0.128070620033797
2096.625,0.00829289810503291,-0.115552762727346
2096.70833333333,0.00775406311386642,-0.10445815346868
2096.79166666667,0.00728132178379822,-0.0947194878691806
2096.875,0.00712642548509794,-0.0915275589815668
2096.95833333333,0.0074094336200418,-0.0973590991055731
2097.04166666667,0.00764881392540389,-0.102290375326941
2097.125,0.00853772007079808,-0.120591670721317
2097.20833333333,0.00950656563716756,-0.140520283806578
2097.29166666667,0.010128466708252,-0.153302271285201
2097.375,0.010481763649393,-0.160560074587958
2097.45833333333,0.0106222542815709,-0.163445470797345
2097.54166666667,0.0106029129372717,-0.163048262384217
2097.625,0.0104639661243234,-0.160194520137998
2097.70833333333,0.0102390596544702,-0.155574465475433
2097.79166666667,0.00995350105793761,-0.149706990439128
2097.875,0.00965055523624263,-0.143480421928438
2097.95833333333,0.00945625953834912,-0.139485990572908
2098.04166666667,0.00923515555340396,-0.134939476385223
2098.125,0.00898336048356761,-0.129760643559566
2098.20833333333,0.00871154738310566,-0.124168623065062
2098.29166666667,0.00842731632038746,-0.118319501434835
2098.375,0.0081471263168197,-0.112551912329839
2098.45833333333,0.00788061575537433,-0.10706440877492
2098.54166666667,0.00761209551928816,-0.101534046374377
2098.625,0.00734428049583746,-0.0960167289546895
2098.70833333333,0.00709136671200617,-0.0908050385572236
2098.79166666667,0.00685034292535514,-0.0858371336802142
2098.875,0.00665802824914858,-0.0818723463921369
2098.95833333333,0.00661422070076877,-0.0809690969830237
2099.04166666667,0.00654767430582013,-0.0795969291531883
2099.125,0.00646219110873623,-0.0778341558308578
2099.20833333333,0.00636097127560073,-0.075746677999922
2099.29166666667,0.00627093052071968,-0.0738895710555506
2099.375,0.00625416363265948,-0.0735437324715606
2099.45833333333,0.00621038031025047,-0.07264061791611
2099.54166666667,0.00614405156498111,-0.071272385674013
2099.625,0.00605892903440248,-0.0695163414384602
2099.70833333333,0.00595890810963887,-0.06745275818558
2099.79166666667,0.00584738564597002,-0.0651516373744624
2099.875,0.00572772045615235,-0.0626822165793828
2099.95833333333,0.00560286996644427,-0.0601054764975769
2100.04166666667,0.0054754892419957,-0.0574761843236162
2100.125,0.00534792418483141,-0.0548427516296297
2100.20833333333,0.00522183374552806,-0.052239430559195
2100.29166666667,0.00509957271353593,-0.0497148597184756
2100.375,0.00498197644695722,-0.0472863204914176
2100.45833333333,0.00486925734690506,-0.044958233984387
2100.54166666667,0.00476225657481587,-0.0427480103221768
2100.625,0.00466143598005166,-0.0406652288985174
2100.70833333333,0.00456704610331846,-0.0387151048015441
2100.79166666667,0.00447920086162799,-0.0369000295145937
2100.875,0.00439773448849234,-0.0352166131322766
2100.95833333333,0.00432256899581731,-0.0336632761300413
