Time (year),Global monthly mean SAOD at 550nm,Global monthly mean TOA ERF (W/m2)
2015.04166666667,0.00361461419417515,-0.0190272636076493
2015.125,0.00361449819665664,-0.0190248646659919
2015.20833333333,0.00361405414225743,-0.0190156811859657
2015.29166666667,0.00369082022525291,-0.0206032184093249
2015.375,0.00376061375111573,-0.0220464560585195
2015.45833333333,0.00382100385612453,-0.0232951621392799
2015.54166666667,0.00387219455033684,-0.024353589922895
2015.625,0.00391437083593878,-0.0252255935018269
2015.70833333333,0.00394774738730001,-0.0259156346560257
2015.79166666667,0.00397272699213663,-0.0264320586637718
2015.875,0.00400366043963818,-0.0270715535014121
2015.95833333333,0.00403003350531302,-0.0276167548116774
2016.04166666667,0.00404376752175542,-0.0279006677134339
2016.125,0.00404785928658562,-0.0279852529093963
2016.20833333333,0.00404431323166174,-0.027911948679746
2016.29166666667,0.00403530967606401,-0.0277258255477696
2016.375,0.00402167806387013,-0.0274440272023797
2016.45833333333,0.00400457837379675,-0.027090529879882
2016.54166666667,0.0039849983002895,-0.0266857488300405
2016.625,0.0039639362695541,-0.0262503222644126
2016.70833333333,0.00394198329884939,-0.0257964670616623
2016.79166666667,0.00391975877031122,-0.025336987529401
2016.875,0.00389768225500302,-0.0248805579767474
2016.95833333333,0.0038760852052504,-0.0244340315717068
2017.04166666667,0.00385522084140666,-0.0240026445403746
2017.125,0.00383526200440995,-0.0235899715611906
2017.20833333333,0.00381633222166052,-0.0231985679067306
2017.29166666667,0.00379850295640827,-0.0228299124430125
2017.375,0.00378180758893475,-0.0224846966083426
2017.45833333333,0.00376627024373106,-0.0221634204192369
2017.54166666667,0.00381124724451335,-0.0230934265766528
2017.625,0.00388513471687799,-0.0246211344997494
2017.70833333333,0.00392699019321121,-0.025486494220387
2017.79166666667,0.00394614226508687,-0.0258824501973428
2017.875,0.00394961329045412,-0.0259542104592633
2017.95833333333,0.00394247750177949,-0.0258066843111017
2018.04166666667,0.00392782825177518,-0.0255038206662252
2018.125,0.00393005023837171,-0.0255497590685893
2018.20833333333,0.00393030840548881,-0.0255550965311167
2018.29166666667,0.00392546024361401,-0.0254548632325783
2018.375,0.00391686891252581,-0.025277240607205
2018.45833333333,0.00396241117964848,-0.0262187929134238
2018.54166666667,0.00406507195449917,-0.0283410703720493
2018.625,0.0041453059421438,-0.0299995734641541
2018.70833333333,0.00420539788571451,-0.0312416366440229
2018.79166666667,0.00424731663635936,-0.0321080270128692
2018.875,0.00427310510657954,-0.0326410134570463
2018.95833333333,0.00428482748816946,-0.0328832827055535
2019.04166666667,0.0042846835839782,-0.0328803086206225
2019.125,0.00429843615594062,-0.0331645327170217
2019.20833333333,0.00461155071341294,-0.0396346067686671
2019.29166666667,0.00489132218374979,-0.0454139790829853
2019.375,0.00510399892951702,-0.0498062621382939
2019.45833333333,0.00525848106938187,-0.0529961018625659
2019.54166666667,0.00536265936942385,-0.0551469595913378
2019.625,0.00548701912549629,-0.0577141888462844
2019.70833333333,0.00565289581715745,-0.0611379789536243
2019.79166666667,0.00579042477646514,-0.063976224993688
2019.875,0.00586519741225369,-0.0655191771975188
2019.95833333333,0.00588344896251593,-0.0658957850245439
2020.04166666667,0.00585719038789603,-0.0653539557454975
2020.125,0.00579718905400717,-0.0641158123137611
2020.20833333333,0.00571209826995501,-0.0623598140400465
2020.29166666667,0.00560991804753305,-0.0602509476351956
2020.375,0.00549650329811798,-0.0579099629198446
2020.45833333333,0.00537676781099668,-0.055438224239589
2020.54166666667,0.00525455325291784,-0.052915004061454
2020.625,0.00513140163715774,-0.0503721256068852
2020.70833333333,0.00501393586366688,-0.0479463586268143
2020.79166666667,0.00491370182301057,-0.0458762160948467
2020.875,0.00481955554715945,-0.0439316157226183
2020.95833333333,0.00472768648715174,-0.0420338749662044
2021.04166666667,0.00464671966694007,-0.0403611974222427
2021.125,0.00460358115087629,-0.039469952038522
2021.20833333333,0.00457762091936156,-0.0389335929332871
2021.29166666667,0.00454607658457197,-0.0382818430579801
2021.375,0.00451025784432563,-0.0375417530878054
2021.45833333333,0.00447069315738939,-0.0367242332235818
2021.54166666667,0.00442822081312447,-0.0358465968240682
2021.625,0.00438369308645589,-0.0349264485635909
2021.70833333333,0.00433987281631657,-0.0340208796171256
2021.79166666667,0.00429553254208814,-0.0331045241201523
2021.875,0.0042508696250298,-0.0321814596684377
2021.95833333333,0.00420590911829516,-0.0312522031840001
2022.04166666667,0.00420503811335368,-0.0312342005946936
2022.125,0.00420236407846709,-0.0311789315199877
2022.20833333333,0.00419396105109461,-0.0310052501210692
2022.29166666667,0.00418093414379573,-0.0307359952887257
2022.375,0.00416338571086151,-0.0303732789129965
2022.45833333333,0.00414220748095751,-0.0299355281708922
2022.54166666667,0.00411883523526919,-0.0294524166999848
2022.625,0.0040934380626423,-0.0289274365682413
2022.70833333333,0.00406631886067252,-0.0283668459751109
2022.79166666667,0.00403829005886939,-0.0277874367464544
2022.875,0.00413279180520277,-0.0297409046297411
2022.95833333333,0.00432023965991742,-0.0336151372339248
2023.04166666667,0.00442739907964101,-0.0358296163903345
2023.125,0.00447721647931384,-0.0368590259837739
2023.20833333333,0.00448711874896233,-0.037063636964424
2023.29166666667,0.00446952784511161,-0.0367001540406027
2023.375,0.00446327454722057,-0.0365709398672453
2023.45833333333,0.00450761944867555,-0.0374872372759304
2023.54166666667,0.00452982674443677,-0.0379460907130562
2023.625,0.00453472399806206,-0.0380472777837009
2023.70833333333,0.0045255427202777,-0.0378575737853283
2023.79166666667,0.00450542316239395,-0.0374418564327708
2023.875,0.00449271340383905,-0.0371792386387406
2023.95833333333,0.00446879949896315,-0.0366851040002645
2024.04166666667,0.00443786373339158,-0.0360458586469887
2024.125,0.00440680567422347,-0.0354040663702594
2024.20833333333,0.00436781525990696,-0.0345983295052181
2024.29166666667,0.00432446575944201,-0.0337024752486178
2024.375,0.00427768374241577,-0.0327356415509084
2024.45833333333,0.00423395111642109,-0.0318317880445873
2024.54166666667,0.00419622026212785,-0.0310519456893057
2024.625,0.00416412565806497,-0.0303885733398273
2024.70833333333,0.00413591648153645,-0.0298054923982395
2024.79166666667,0.00410662361532222,-0.0291999942875608
2024.875,0.0040761220558385,-0.0285694930360248
2024.95833333333,0.00404530157067998,-0.0279323797008581
2025.04166666667,0.00401476643550946,-0.0273011456844592
2025.125,0.00398670516970748,-0.0267210354477879
2025.20833333333,0.00396177349229539,-0.0262056095004054
2025.29166666667,0.00393738856445547,-0.0257014743693914
2025.375,0.00391320354238813,-0.0252014599569161
2025.45833333333,0.0038932640695672,-0.0247892112633519
2025.54166666667,0.00397503179256359,-0.0264797070570791
2025.625,0.00404028640594628,-0.0278287056163848
2025.70833333333,0.00408970251901036,-0.0288502187305374
2025.79166666667,0.00412480370171604,-0.0295757878015041
2025.875,0.00414705927243609,-0.0300358147702734
2025.95833333333,0.00415802324695817,-0.030262438488622
2026.04166666667,0.00416904742526174,-0.0304903041049707
2026.125,0.00422465231082561,-0.0316395978728008
2026.20833333333,0.00424958895637353,-0.0321549910240904
2026.29166666667,0.00425362641467338,-0.0322384364180087
2026.375,0.00424256649584237,-0.0320098513886338
2026.45833333333,0.00422093005324062,-0.0315626647683432
2026.54166666667,0.00419224778867118,-0.0309698386786988
2026.625,0.00415760714852405,-0.0302538378413988
2026.70833333333,0.00412427642513861,-0.0295648887680988
2026.79166666667,0.00410312383775403,-0.0291276509587925
2026.875,0.00408105021251219,-0.0286713648332109
2026.95833333333,0.00405241138443197,-0.0280793537290284
2027.04166666667,0.00403355165623944,-0.0276894832480076
2027.125,0.00402955527007462,-0.0276068685471828
2027.20833333333,0.00407843959417834,-0.0286173998132517
2027.29166666667,0.00411062197698851,-0.0292826434566854
2027.375,0.00412878526129448,-0.029658088163176
2027.45833333333,0.00554653892641136,-0.058942777025171
2027.54166666667,0.00720242638775301,-0.0930937619722522
2027.625,0.00855852551012561,-0.121019829898673
2027.70833333333,0.00963035962184163,-0.143065266193466
2027.79166666667,0.0104362647629745,-0.159625531683522
2027.875,0.0110246435078993,-0.171707496699216
2027.95833333333,0.0114331882985,-0.180092510717841
2028.04166666667,0.0116385374952647,-0.184305824623333
2028.125,0.0116742559631543,-0.18503860070007
2028.20833333333,0.0115747958585422,-0.182998079019616
2028.29166666667,0.0113672426520883,-0.178739267534395
2028.375,0.0110807364368257,-0.172858956456907
2028.45833333333,0.0107389497636478,-0.165841854102056
2028.54166666667,0.0103555944567525,-0.157968466548172
2028.625,0.00994951619441089,-0.149625100162891
2028.70833333333,0.00952917766217684,-0.140985170020068
2028.79166666667,0.00910596908999486,-0.132282577332381
2028.875,0.00868819281019136,-0.123688077699454
2028.95833333333,0.00828200648584247,-0.115328563545849
2029.04166666667,0.0078920159262011,-0.10729917042032
2029.125,0.00752156124164624,-0.0996690947189817
2029.20833333333,0.0071725665439688,-0.0924784337843531
2029.29166666667,0.00684603121708142,-0.0857482512320114
2029.375,0.00655524503556543,-0.0797530400611403
2029.45833333333,0.00642595789062723,-0.0770869348609169
2029.54166666667,0.0063611024706574,-0.0757493837998278
2029.625,0.00628264378172406,-0.0741311686555593
2029.70833333333,0.00622335880248364,-0.0729083282024005
2029.79166666667,0.00614125164962512,-0.0712146269019335
2029.875,0.00604098103596919,-0.0691460622272034
2029.95833333333,0.00592716646505197,-0.0667978368100218
2030.04166666667,0.00580373359957562,-0.0642508643562449
2030.125,0.005674326491576,-0.0615802789465545
2030.20833333333,0.00554609276843706,-0.0589335678508378
2030.29166666667,0.00622141000761086,-0.0728681301927393
2030.375,0.00690525663338168,-0.0869691027204749
2030.45833333333,0.00746209513350214,-0.098444036789212
2030.54166666667,0.00798318829038504,-0.109176570055103
2030.625,0.00840772524010311,-0.117916280130042
2030.70833333333,0.00869496711741966,-0.123827467485904
2030.79166666667,0.00886680382448831,-0.127362905450259
2030.875,0.00892297494462715,-0.12851846106534
2030.95833333333,0.00888477726645501,-0.12773266322626
2031.04166666667,0.00876962924426929,-0.125363670940785
2031.125,0.00861803708635985,-0.122244481005068
2031.20833333333,0.00842784310457824,-0.118330343535886
2031.29166666667,0.00819943838147149,-0.113628856076394
2031.375,0.00794614182772272,-0.108413738753707
2031.45833333333,0.0076781864107924,-0.102895372366753
2031.54166666667,0.00778296525351144,-0.105053400093201
2031.625,0.00814826312812099,-0.112575316360186
2031.70833333333,0.00843541203021822,-0.118486124073516
2031.79166666667,0.0086503976452507,-0.122910377899925
2031.875,0.00879573272263942,-0.125900733505543
2031.95833333333,0.0088958770887311,-0.127961010470207
2032.04166666667,0.00893706605268553,-0.128808333992305
2032.125,0.00891705302126767,-0.128396637967563
2032.20833333333,0.00884278900063667,-0.126868851261982
2032.29166666667,0.00880413510045521,-0.126073604134536
2032.375,0.00900094406650833,-0.13012233888944
2032.45833333333,0.00908910086939443,-0.131935633611495
2032.54166666667,0.00908462462379199,-0.131843565697766
2032.625,0.00902221414362132,-0.130559857120458
2032.70833333333,0.00889707455156649,-0.127985644707594
2032.79166666667,0.00872069799272123,-0.124356903604066
2032.875,0.0085054387743436,-0.11992733001735
2032.95833333333,0.00826243207198463,-0.11492562672441
2033.04166666667,0.00800109898514159,-0.109545362705667
2033.125,0.00772923314154712,-0.103946760385818
2033.20833333333,0.00745368824122748,-0.0982708409995215
2033.29166666667,0.00717998153697389,-0.0926312378460974
2033.375,0.00691289763877269,-0.0871266063989405
2033.45833333333,0.00665356603537733,-0.0817803436937153
2033.54166666667,0.00640460916903929,-0.0766466573318928
2033.625,0.00616785371916122,-0.0717633879857502
2033.70833333333,0.00594501956627433,-0.0671662001685587
2033.79166666667,0.00573745671922093,-0.0628831459561999
2033.875,0.00554342501517795,-0.0588785025051433
2033.95833333333,0.00536305235168911,-0.0551550726508572
2034.04166666667,0.00519617180584588,-0.0517095621741946
2034.125,0.00504480632006305,-0.0485838871077937
2034.20833333333,0.004909226753115,-0.0457837872404693
2034.29166666667,0.00478446577983009,-0.043206786372103
2034.375,0.00466972865486704,-0.0408365493333228
2034.45833333333,0.00456639522231106,-0.0387016567592413
2034.54166666667,0.00447503254873811,-0.0368138990691339
2034.625,0.00439061494591814,-0.0350694888034397
2034.70833333333,0.00431228696352004,-0.0334507830959525
2034.79166666667,0.00424225254416833,-0.0320033626375078
2034.875,0.00418418682890854,-0.0308032257867076
2034.95833333333,0.00413305773836962,-0.02974640153647
2035.04166666667,0.00408265543968065,-0.0287045469849119
2035.125,0.00404568556923404,-0.0279403177434097
2035.20833333333,0.00402020766447719,-0.0274136302662794
2035.29166666667,0.00399207848133015,-0.0268321191194839
2035.375,0.00396245812288107,-0.0262197634075221
2035.45833333333,0.00393291854100148,-0.0256090595635383
2035.54166666667,0.00391404675281346,-0.0252188931552361
2035.625,0.00400650344951048,-0.0271303267575296
2035.70833333333,0.00407806081063242,-0.0286095698321666
2035.79166666667,0.00413263288439467,-0.0297376196951996
2035.875,0.00417173118323806,-0.0305457759920457
2035.95833333333,0.00419687520091047,-0.0310654825805492
2036.04166666667,0.0042096943536452,-0.0313304391107303
2036.125,0.0042117389858772,-0.0313726988955042
2036.20833333333,0.00420492819762028,-0.0312319287720176
2036.29166666667,0.00419085202211726,-0.0309409895175641
2036.375,0.00418388034413635,-0.0307968909916721
2036.45833333333,0.00524597802165024,-0.0527379497734726
2036.54166666667,0.00606094399623157,-0.0695579110336682
2036.625,0.00654631976651042,-0.0795689979877306
2036.70833333333,0.00679357574747821,-0.0846668926146716
2036.79166666667,0.00687414678001399,-0.0863278243768094
2036.875,0.00683736240049763,-0.0855695492900233
2036.95833333333,0.00680698278995853,-0.0849432814086061
2037.04166666667,0.00673322411448332,-0.0834226860523348
2037.125,0.00666098489826045,-0.0819333068708333
2037.20833333333,0.00674147840024098,-0.0835928604704946
2037.29166666667,0.00696251156800319,-0.0881492666714218
2037.375,0.00713838624997785,-0.091774050600851
2037.45833333333,0.00721904465603394,-0.0934362102231004
2037.54166666667,0.00722635409047911,-0.0935868319997812
2037.625,0.00717594390708074,-0.0925480327499894
2037.70833333333,0.00708029889584468,-0.0905769385138726
2037.79166666667,0.00695084672892974,-0.0879088313472951
2037.875,0.00679672244735117,-0.084731762778678
2037.95833333333,0.00662609381978322,-0.0812139077375624
2038.04166666667,0.00644507698613507,-0.077481222536237
2038.125,0.00625908237856402,-0.0736451885193334
2038.20833333333,0.0060724872133926,-0.0697960513323732
2038.29166666667,0.00588830525936013,-0.0659959901164112
2038.375,0.00571244751557838,-0.0623670216442999
2038.45833333333,0.00573935359752013,-0.0629222920181891
2038.54166666667,0.00574029165421967,-0.0629416507581131
2038.625,0.00571960347863833,-0.0625147032551347
2038.70833333333,0.00568000359272059,-0.0616974450101942
2038.79166666667,0.00562418673615627,-0.0605454476866155
2038.875,0.00555494471408632,-0.0591162806403555
2038.95833333333,0.00547519180633881,-0.0574700445000725
2039.04166666667,0.00544437021733431,-0.0568337991207739
2039.125,0.00544966087455938,-0.0569430147482714
2039.20833333333,0.00543326048993211,-0.0566044578976075
2039.29166666667,0.00539737096323038,-0.0558635629069793
2039.375,0.00534694389103635,-0.0548225133001595
2039.45833333333,0.00528867411541989,-0.0536194883907922
2039.54166666667,0.00521799377158954,-0.0521601435444892
2039.625,0.00513834117977407,-0.0505154240823189
2039.70833333333,0.00505282519873538,-0.0487494876440492
2039.79166666667,0.00496375313668445,-0.0469099562527704
2039.875,0.00487640113564507,-0.0451057887121285
2039.95833333333,0.00479642015928982,-0.0434537240406027
2040.04166666667,0.00472510703202683,-0.0419805886008895
2040.125,0.00467245455642491,-0.0408928641024028
2040.20833333333,0.00461625221683582,-0.039731741318941
2040.29166666667,0.00456060489673714,-0.0385820207686877
2040.375,0.00451654151401241,-0.037671588742424
2040.45833333333,0.00449382514243346,-0.0372022102812805
2040.54166666667,0.00458322254874816,-0.039049328245879
2040.625,0.00466738176078492,-0.0407880644079851
2040.70833333333,0.0047340126238877,-0.0421645596712341
2040.79166666667,0.00476368024266501,-0.0427774193667526
2040.875,0.00476277433839984,-0.0427587058922336
2040.95833333333,0.00473973679154075,-0.0422828082462045
2041.04166666667,0.00470064869332713,-0.0414753215862898
2041.125,0.00465065833164704,-0.0404425686522057
2041.20833333333,0.0045936111713046,-0.0392639659491673
2041.29166666667,0.00453246709172392,-0.0380006456390199
2041.375,0.00446948929054927,-0.036699357376104
2041.45833333333,0.00440638520071736,-0.0353953774533288
2041.54166666667,0.00434441009089493,-0.0341146466261013
2041.625,0.00428449529771757,-0.0328764172855704
2041.70833333333,0.00422720801357425,-0.0316924199907922
2041.79166666667,0.00417300847836319,-0.0305721769683053
2041.875,0.00412214204639122,-0.029520770183615
2041.95833333333,0.00407471374329478,-0.0285403811806465
2042.04166666667,0.00403074859930121,-0.0276315375033718
2042.125,0.0039902398169165,-0.0267941080664401
2042.20833333333,0.00395297667496391,-0.0260237451076902
2042.29166666667,0.00391909316050171,-0.0253232262663134
2042.375,0.00388813037569775,-0.0246830707880289
2042.45833333333,0.00388284343913093,-0.0245737614099703
2042.54166666667,0.00388343469803149,-0.024585985936142
2042.625,0.00389308406314131,-0.0247854895922172
2042.70833333333,0.00393589552865988,-0.0256706068785986
2042.79166666667,0.00396833184351965,-0.0263411950605465
2042.875,0.00399151280079324,-0.0268204247074702
2042.95833333333,0.00400879196459267,-0.0271776368774333
2043.04166666667,0.00401779389065233,-0.0273637312581846
2043.125,0.00401772947843305,-0.027362399687762
2043.20833333333,0.00402407280918874,-0.0274935326497431
2043.29166666667,0.00404156822905297,-0.0278552036662322
2043.375,0.00404562182408799,-0.0279389999999043
2043.45833333333,0.00404081911969007,-0.0278397179632156
2043.54166666667,0.00402929755521694,-0.0276015409636434
2043.625,0.00401285805875213,-0.027261694348811
2043.70833333333,0.00399311742674545,-0.0268535974013167
2043.79166666667,0.00397141026525912,-0.0264048372032873
2043.875,0.00394881936163705,-0.0259377967320288
2043.95833333333,0.00392573659744316,-0.0254605767215048
2044.04166666667,0.00390258721279588,-0.0249819683162658
2044.125,0.00387989939001361,-0.024512891850001
2044.20833333333,0.00385777887819959,-0.0240555344346926
2044.29166666667,0.00383642156168002,-0.0236139470288556
2044.375,0.00382021188235403,-0.0232787867249053
2044.45833333333,0.00380675609351187,-0.023000563258456
2044.54166666667,0.0037909176481234,-0.0226730691385884
2044.625,0.00378324707481213,-0.02251446157818
2044.70833333333,0.00378637240405466,-0.0225790854274097
2044.79166666667,0.00378604137233393,-0.0225722405440498
2044.875,0.00378229151286575,-0.0224947029504121
2044.95833333333,0.00377541628849876,-0.0223525399734436
2045.04166666667,0.00376675172326455,-0.0221733763719494
2045.125,0.00375698271896757,-0.0219713736081308
2045.20833333333,0.00374669814380894,-0.0217587077750024
2045.29166666667,0.00373628129434207,-0.0215433045263122
2045.375,0.00372603569989023,-0.0213314403597853
2045.45833333333,0.00371615189597149,-0.0211270554443935
2045.54166666667,0.00370676485785085,-0.0209329411646928
2045.625,0.00369786231410802,-0.0207488440461747
2045.70833333333,0.0038837103364622,-0.0245916848740304
2045.79166666667,0.0040410409310369,-0.0278443032824201
2045.875,0.00416378099408992,-0.0303814492681636
2045.95833333333,0.0042581862564238,-0.0323326779252098
2046.04166666667,0.00436216692188117,-0.0344816040014922
2046.125,0.0044312351698847,-0.0359088858606926
2046.20833333333,0.00447101994844609,-0.036730985796202
2046.29166666667,0.0044872302435871,-0.037065940770632
2046.375,0.00448455580910622,-0.0370106790334115
2046.45833333333,0.00446742297244793,-0.0366566603798401
2046.54166666667,0.00443925373099181,-0.0360745814736932
2046.625,0.00440336684089081,-0.0353330041467726
2046.70833333333,0.00436215817937735,-0.0344814233331196
2046.79166666667,0.00431758175851936,-0.0335602079477062
2046.875,0.0042712864330772,-0.0326034262447144
2046.95833333333,0.00422455672870822,-0.0316376223470563
2047.04166666667,0.00417830917446541,-0.0306817390334234
2047.125,0.00413331171480758,-0.0297516512931852
2047.20833333333,0.0040900576082429,-0.028857558831946
2047.29166666667,0.00404892000052876,-0.0280071799920427
2047.375,0.0040101448198974,-0.0272056041959133
2047.45833333333,0.00397382407006366,-0.0264547391663905
2047.54166666667,0.00394009641478285,-0.0257574571996241
2047.625,0.00390959961620608,-0.0251269493748838
2047.70833333333,0.00410075432091016,-0.029078670920554
2047.79166666667,0.00426722453310953,-0.032519477176742
2047.875,0.00439871592092374,-0.0352368942109274
2047.95833333333,0.00449807769037846,-0.0372900796327237
2048.04166666667,0.00456814568657022,-0.0387378235918854
2048.125,0.00476712311336903,-0.0428485393907725
2048.20833333333,0.00565913168305336,-0.0612666797281508
2048.29166666667,0.00641924567559459,-0.0769485089692533
2048.375,0.00703557534159651,-0.0896551912518041
2048.45833333333,0.00750630462285265,-0.0993548009258142
2048.54166666667,0.00783794993381941,-0.106185775516021
2048.625,0.00804368743855913,-0.110422259650858
2048.70833333333,0.00813983114073815,-0.112401722723138
2048.79166666667,0.00814465810674685,-0.112501098120383
2048.875,0.00807538947896956,-0.111074980930065
2048.95833333333,0.0079503354792037,-0.108500092508858
2049.04166666667,0.00787293439364379,-0.106906226380022
2049.125,0.00776243154203532,-0.104630505060064
2049.20833333333,0.00765909657644684,-0.102502173298373
2049.29166666667,0.0075104050961922,-0.0994392731490421
2049.375,0.00733009539003774,-0.0957244571991454
2049.45833333333,0.00720014133836538,-0.0930466741199729
2049.54166666667,0.00714414950230769,-0.0918928206648156
2049.625,0.00705700355771437,-0.0900968294428542
2049.70833333333,0.0069456557422112,-0.0878018339780867
2049.79166666667,0.00681564275457982,-0.0851218062974437
2049.875,0.00667685357524931,-0.0822604857153665
2049.95833333333,0.00654431734400827,-0.0795277071313474
2050.04166666667,0.00640042208363677,-0.0765603054093809
2050.125,0.00624915364811833,-0.0734403939856605
2050.20833333333,0.00609353732380642,-0.0702303148326892
2050.29166666667,0.00593621435543018,-0.0669845229167862
2050.375,0.0057794634107837,-0.0637500247511492
2050.45833333333,0.00562520349623238,-0.0605664330493289
2050.54166666667,0.00547497103544809,-0.0574654872298437
2050.625,0.00533001800908386,-0.054473072505845
2050.70833333333,0.00519128212783979,-0.0516085984357378
2050.79166666667,0.00505940498306369,-0.0488853679714977
2050.875,0.00493468442432681,-0.0463095887930811
2050.95833333333,0.00482044702124304,-0.0439500300640444
2051.04166666667,0.00473699389626195,-0.0422261462135399
2051.125,0.0046623875289319,-0.0406848872560327
2051.20833333333,0.00460282458617136,-0.0394543210047903
2051.29166666667,0.0045404255374283,-0.0381650823846958
2051.375,0.00449453797924923,-0.0372169394790129
2051.45833333333,0.00447061860676584,-0.0367226927634327
2051.54166666667,0.00443362671609714,-0.0359583049304366
2051.625,0.0045111494092464,-0.0375601750025429
2051.70833333333,0.00458836075348731,-0.0391554881678002
2051.79166666667,0.0046390555538965,-0.040202859008261
2051.875,0.00466726320457124,-0.0407856151298951
2051.95833333333,0.0046751315462898,-0.0409481682488001
2052.04166666667,0.00467514702370577,-0.0409484879975361
2052.125,0.00467551428717034,-0.0409560753109765
2052.20833333333,0.00465689788343651,-0.0405714746285895
2052.29166666667,0.00462466062163053,-0.0399054604872753
2052.375,0.00458226274863179,-0.0390294978535019
2052.45833333333,0.00453321022036029,-0.0380160001567202
2052.54166666667,0.00447979709408995,-0.0369123495218881
2052.625,0.00442397599648851,-0.0357588810957669
2052.70833333333,0.00436741474974065,-0.0345900528001014
2052.79166666667,0.00431122772130505,-0.0334288922029887
2052.875,0.00425640355624307,-0.0322958336380996
2052.95833333333,0.00420356454962453,-0.0312037438286457
2053.04166666667,0.00415319327743174,-0.0301626040449821
2053.125,0.0041056023109831,-0.0291788830990418
2053.20833333333,0.00406095833823535,-0.0282560349247747
2053.29166666667,0.00401935809506057,-0.0273960674616778
2053.375,0.00398080584953317,-0.0265990767963886
2053.45833333333,0.00394520189667058,-0.025863008901024
2053.54166666667,0.00391245853839891,-0.0251860571437897
2053.625,0.00388272358545933,-0.024571283384075
2053.70833333333,0.0038558179804581,-0.0240149909821357
2053.79166666667,0.00383202122891848,-0.0235229638497395
2053.875,0.00381228005806289,-0.0231147819548959
2053.95833333333,0.00379384867186282,-0.0227336747858724
2054.04166666667,0.00377650744243892,-0.0223751024576335
2054.125,0.00376039912515752,-0.0220420180324509
2054.20833333333,0.00386923407264434,-0.0242923800423151
2054.29166666667,0.00398324152932316,-0.026649430519885
2054.375,0.00408205069021853,-0.0286920460263251
2054.45833333333,0.00416393542412654,-0.0303846412778666
2054.54166666667,0.00437354530611729,-0.0347167428724879
2054.625,0.00454889458713649,-0.038340067750693
2054.70833333333,0.00468733432379088,-0.0412002645235458
2054.79166666667,0.00479131954306884,-0.0433483626568943
2054.875,0.00486376099038776,-0.0448447061989656
2054.95833333333,0.00490781772201212,-0.0457546847869163
2055.04166666667,0.00492720706510653,-0.0461551531532673
2055.125,0.00492506110618079,-0.0461108308030107
2055.20833333333,0.00490542687366896,-0.0457053035596927
2055.29166666667,0.00487139862767403,-0.0450024621807506
2055.375,0.00482615516782461,-0.0440679374885518
2055.45833333333,0.0047724678183504,-0.0429589454760419
2055.54166666667,0.00471291502874455,-0.0417287244250577
2055.625,0.00464955476850069,-0.0404197695134261
2055.70833333333,0.0046141206609878,-0.0396877027563774
2055.79166666667,0.00459959687369246,-0.03938763459606
2055.875,0.00457496729967311,-0.038878766247942
2055.95833333333,0.00454240104996059,-0.0382059000581974
2056.04166666667,0.0045037377643934,-0.0374070317692435
2056.125,0.00446056637054817,-0.0365149795749185
2056.20833333333,0.0044143401126275,-0.0355597619089255
2056.29166666667,0.0043662433138079,-0.0345658445821452
2056.375,0.00431727837953022,-0.0335539381831422
2056.45833333333,0.00426833171917131,-0.0325423599104419
2056.54166666667,0.00422013513374972,-0.031546235018128
2056.625,0.00417452381695979,-0.0306034981263241
2056.70833333333,0.00444574334558447,-0.0362086819505012
2056.79166666667,0.00468375409401997,-0.041126301141297
2056.875,0.00492102245666466,-0.046027416815071
2056.95833333333,0.00510936810540416,-0.0499171363629247
2057.04166666667,0.00525271229531411,-0.0528769936183469
2057.125,0.00535461887326652,-0.0549809640624559
2057.20833333333,0.00541861021328912,-0.056302024226701
2057.29166666667,0.00544915570248253,-0.0569325864496678
2057.375,0.00545035051842352,-0.0569572511009496
2057.45833333333,0.00542707279421347,-0.0564767224521988
2057.54166666667,0.00538344818071069,-0.0555761370841783
2057.625,0.00532390082665974,-0.0543467796651078
2057.70833333333,0.00525206276909264,-0.0528635827662015
2057.79166666667,0.00517138619630988,-0.0511977753673696
2057.875,0.00508480181894805,-0.0494098342807144
2057.95833333333,0.00499467180310065,-0.0475485123825954
2058.04166666667,0.00490317033759726,-0.0456586963460899
2058.125,0.00481194521990724,-0.0437744156842992
2058.20833333333,0.00472240710878915,-0.0419248134589411
2058.29166666667,0.00463566068450818,-0.0401327215763243
2058.375,0.00455243977754413,-0.0384133171394496
2058.45833333333,0.00447332397930383,-0.036778594550787
2058.54166666667,0.00439865483787774,-0.0352356319442149
2058.625,0.00432861223541721,-0.033788167377142
2058.70833333333,0.00426295174959638,-0.0324311693180455
2058.79166666667,0.00427054393513894,-0.032588080739671
2058.875,0.00439066233997196,-0.0350704681982446
2058.95833333333,0.00450129905894179,-0.0373566417296841
2059.04166666667,0.00458402445156912,-0.0390658963138633
2059.125,0.00464232818687301,-0.0402704708310376
2059.20833333333,0.00467790100958674,-0.0410053826553706
2059.29166666667,0.00469296008295355,-0.0413164856285314
2059.375,0.00469030239345122,-0.0412615811892621
2059.45833333333,0.00467313732789779,-0.0409069695465966
2059.54166666667,0.00464411333178387,-0.040307351409147
2059.625,0.00460600891793251,-0.0395201109318496
2059.70833333333,0.00456093620304769,-0.0385888660257172
2059.79166666667,0.0045114952988679,-0.0375673219247982
2059.875,0.00445964075525503,-0.0364958531283215
2059.95833333333,0.00440616555360409,-0.0353908385320777
2060.04166666667,0.00437356007283042,-0.0347170480307954
2060.125,0.00436516476023987,-0.034543555792382
2060.20833333333,0.00434946860918608,-0.0342191851207608
2060.29166666667,0.00432794082819786,-0.0337742919286628
2060.375,0.00430189564221624,-0.033236029227011
2060.45833333333,0.00427217680270775,-0.0326218278587741
2060.54166666667,0.00423968145424389,-0.0319502232912823
2060.625,0.00420524479957345,-0.0312384725433238
2060.70833333333,0.00416962743463305,-0.0305022926108178
2060.79166666667,0.004138112924864,-0.0298508932591846
2060.875,0.00413132851078313,-0.0297106579328247
2060.95833333333,0.00414045362431479,-0.0298992758092226
2061.04166666667,0.00413954630196823,-0.0298805213564197
2061.125,0.00412996605685366,-0.0296824955967012
2061.20833333333,0.00411513674425582,-0.0293759667241309
2061.29166666667,0.00410047510964543,-0.0290728993656614
2061.375,0.00408060465692319,-0.0286621546051546
2061.45833333333,0.00410824613512886,-0.0292335330427821
2061.54166666667,0.00413083787821928,-0.0297005164132817
2061.625,0.00414848557743375,-0.0300652964224677
2061.70833333333,0.00415453883966113,-0.030190416578758
2061.79166666667,0.00415595740007316,-0.0302197379315589
2061.875,0.00414868914497623,-0.0300695041498504
2061.95833333333,0.0041345576806612,-0.0297774057007684
2062.04166666667,0.00411504773857759,-0.029374126921138
2062.125,0.00409164065187567,-0.0288902821264686
2062.20833333333,0.00406570612542319,-0.0283541797329374
2062.29166666667,0.00403825772851817,-0.0277867684065526
2062.375,0.00401008007546352,-0.0272042657474996
2062.45833333333,0.00398177436436806,-0.0266190992821732
2062.54166666667,0.00395390815166666,-0.026043002425955
2062.625,0.00392686226120873,-0.0254838492883041
2062.70833333333,0.00390088609760199,-0.0249467976990441
2062.79166666667,0.00387619599285356,-0.0244363221679782
2062.875,0.00385293099270339,-0.0239552995804344
2062.95833333333,0.00383111364117793,-0.0235041981241481
2063.04166666667,0.00381080983368051,-0.0230843822717501
2063.125,0.00379200466883104,-0.0226955458089232
2063.20833333333,0.00381795117508755,-0.0232320426581726
2063.29166666667,0.00385168675509004,-0.0239295736519188
2063.375,0.0040566150604917,-0.0281662516043114
2063.45833333333,0.00427021796675001,-0.0325813438156059
2063.54166666667,0.00440386745461017,-0.0353433491599861
2063.625,0.00450431137996599,-0.0374188841509421
2063.70833333333,0.00466607388289282,-0.0407610446637567
2063.79166666667,0.00475267044344653,-0.0425499862417342
2063.875,0.00478607179948097,-0.0432399615612888
2063.95833333333,0.00477882996741314,-0.043090368232359
2064.04166666667,0.00474453117464252,-0.0423818490190116
2064.125,0.00469224870131113,-0.0413017894150953
2064.20833333333,0.00463224080772042,-0.0400620672549664
2064.29166666667,0.00456540488420382,-0.0386811950780144
2064.375,0.00449505304311902,-0.0372275821292759
2064.45833333333,0.00442417625631387,-0.0357630193126693
2064.54166666667,0.0043547287442094,-0.0343278896323087
2064.625,0.00428811459632552,-0.0329512176418206
2064.70833333333,0.00423480036195224,-0.0318493403866241
2064.79166666667,0.00419257556878,-0.0309766135745445
2064.875,0.00415081687137182,-0.0301134840597709
2064.95833333333,0.00411038739405063,-0.0292777944585117
2065.04166666667,0.00407131525779311,-0.0284701294054574
2065.125,0.00403390069727628,-0.0276966987314439
2065.20833333333,0.00399838284424172,-0.0269624498615098
2065.29166666667,0.00396488387901262,-0.0262699128958667
2065.375,0.00393345434974003,-0.0256201370799001
2065.45833333333,0.00390846560574471,-0.0251035038392637
2065.54166666667,0.00388530737012067,-0.0246247041706465
2065.625,0.00386251145416456,-0.0241533846809806
2065.70833333333,0.00385148786587429,-0.0239254614040776
2065.79166666667,0.00383967371355089,-0.0236811896670993
2065.875,0.00382555063925677,-0.0233891744183409
2065.95833333333,0.00381031551812991,-0.0230741613482948
2066.04166666667,0.00379472755847836,-0.022751847750506
2066.125,0.00380095922055671,-0.0228807009722143
2066.20833333333,0.00384248627518091,-0.0237393430062568
2066.29166666667,0.00386384672370826,-0.024180992490825
2066.375,0.00387107803933329,-0.0243305053232872
2066.45833333333,0.00386838156410893,-0.0242747538175799
2066.54166666667,0.00385972031192214,-0.0240956753715589
2066.625,0.00384678551561533,-0.0238282350310211
2066.70833333333,0.00383153958640244,-0.0235130051769184
2066.79166666667,0.00381511437195033,-0.0231733866547663
2066.875,0.00379848565868746,-0.022829554775094
2066.95833333333,0.00378230455260898,-0.0224949725797699
2067.04166666667,0.00376672475041756,-0.0221728186320887
2067.125,0.0037519355935884,-0.0218670087416876
2067.20833333333,0.00373809837554051,-0.0215808789270478
2067.29166666667,0.00498900848877187,-0.0474315507269659
2067.375,0.00662237226837431,-0.0811371737223462
2067.45833333333,0.00797117659081678,-0.108929237784763
2067.54166666667,0.0090491297640445,-0.131113488912956
2067.625,0.00987213394063585,-0.148034804307675
2067.70833333333,0.0104587019932518,-0.160086395625176
2067.79166666667,0.0109894178933136,-0.170984362243039
2067.875,0.0113439285496275,-0.178260827181871
2067.95833333333,0.0115160754703183,-0.181793277328759
2068.04166666667,0.0115347391091309,-0.182176218154567
2068.125,0.0114357459093419,-0.180144992588595
2068.20833333333,0.0112849010280012,-0.177049444026917
2068.29166666667,0.0110364722926817,-0.171950320017032
2068.375,0.010718606817873,-0.165424124587453
2068.45833333333,0.0103522169573066,-0.157899085730882
2068.54166666667,0.017580275087134,-0.305843266569216
2068.625,0.0338164810222678,-0.634293387945242
2068.70833333333,0.0479962102102962,-0.916811921826796
2068.79166666667,0.0596508421978627,-1.14603932325037
2068.875,0.068633122237106,-1.32089201041337
2068.95833333333,0.0750234382472384,-1.44433579199409
2069.04166666667,0.0790663734495537,-1.52202803648411
2069.125,0.0811016636818446,-1.56102108095492
2069.20833333333,0.0814772699913685,-1.56820845229924
2069.29166666667,0.0805031420904837,-1.54956256009126
2069.375,0.0784776255019582,-1.51073372042509
2069.45833333333,0.0756623331093855,-1.45663420780814
2069.54166666667,0.0723477665025871,-1.39274496606979
2069.625,0.0686230252508068,-1.32069633883766
2069.70833333333,0.0646424861936791,-1.24340253026053
2069.79166666667,0.060659997509311,-1.1657623530532
2069.875,0.0566760341624097,-1.08778343682592
2069.95833333333,0.0527323369660072,-1.0102860807389
2070.04166666667,0.0488846273438319,-0.934379840096101
2070.125,0.0451759524669365,-0.860939482154102
2070.20833333333,0.0416285324524699,-0.790437024825456
2070.29166666667,0.0384224769308601,-0.726503427948753
2070.375,0.0356020134723513,-0.670089391261988
2070.45833333333,0.0350238795279664,-0.658506072003688
2070.54166666667,0.0341550704410109,-0.64108627381915
2070.625,0.033034155869243,-0.618589338914083
2070.70833333333,0.0317001947451995,-0.591783642872985
2070.79166666667,0.0302056595388356,-0.56170873718542
2070.875,0.0286100384660217,-0.52955000552408
2070.95833333333,0.0269588665011722,-0.496217612791636
2071.04166666667,0.0252885888171015,-0.462443487704743
2071.125,0.0236335882803252,-0.428922589913153
2071.20833333333,0.0220235366720809,-0.396258821007467
2071.29166666667,0.0204944655915043,-0.365189209774696
2071.375,0.0190360026812616,-0.335510004701366
2071.45833333333,0.0176584989400987,-0.307438513692869
2071.54166666667,0.0163678868314329,-0.281102635866116
2071.625,0.0151665754235527,-0.256558441867868
2071.70833333333,0.0140548913137307,-0.233819155627871
2071.79166666667,0.0130310574620028,-0.212854456510825
2071.875,0.0120918842349053,-0.193604439781514
2071.95833333333,0.0112555426733399,-0.176446915121212
2072.04166666667,0.0105344985001484,-0.1616431903278
2072.125,0.00987309626313039,-0.148054581916574
2072.20833333333,0.00928210180162806,-0.135904906159477
2072.29166666667,0.00874565606708844,-0.124870425626332
2072.375,0.0082523833872338,-0.114718772762157
2072.45833333333,0.00780051951339335,-0.105414925964901
2072.54166666667,0.00738729680289836,-0.0969030171631932
2072.625,0.00701031619283224,-0.0891345849111893
2072.70833333333,0.00666731940469248,-0.082063911733257
2072.79166666667,0.00635588549427696,-0.0756417872908358
2072.875,0.00607357211772655,-0.0698184331179076
2072.95833333333,0.00581804705486872,-0.0645462311150727
2073.04166666667,0.00558714579575493,-0.0597809287214642
2073.125,0.00537873334194319,-0.0554788017247578
2073.20833333333,0.00519083021806223,-0.0515992672236635
2073.29166666667,0.00502164954097477,-0.0481056612899433
2073.375,0.00486966990201507,-0.0449667553256571
2073.45833333333,0.00473330157409187,-0.0421498709163392
2073.54166666667,0.00461105135238395,-0.0396242897847685
2073.625,0.00450162933883621,-0.0373634661842254
2073.70833333333,0.00440378001777377,-0.0353415423077042
2073.79166666667,0.0043163191956966,-0.0335341152526754
2073.875,0.00423841038062331,-0.0319239526617261
2073.95833333333,0.0042434347956907,-0.032027797393553
2074.04166666667,0.00505780108582514,-0.0488522456792046
2074.125,0.00657786524136227,-0.0802194690155759
2074.20833333333,0.00754656644306957,-0.100184203702428
2074.29166666667,0.00810926963143232,-0.111772525032238
2074.375,0.00837566689654171,-0.11725644204234
2074.45833333333,0.00842951737042003,-0.118364802693511
2074.54166666667,0.00833735925631359,-0.116467950604688
2074.625,0.00837912947009884,-0.117327711182529
2074.70833333333,0.00851052318337786,-0.120031967258748
2074.79166666667,0.00853494041049256,-0.120534466877369
2074.875,0.00847137184758791,-0.11922621824678
2074.95833333333,0.00833777960079553,-0.116476602776985
2075.04166666667,0.00815145498168433,-0.112641028300152
2075.125,0.00792752443875289,-0.108030373614156
2075.20833333333,0.00767911907024861,-0.102914582442196
2075.29166666667,0.00742010962812112,-0.0975790518921754
2075.375,0.00715827376408614,-0.0921838929097798
2075.45833333333,0.00690699943465276,-0.0870050271056175
2075.54166666667,0.00685323077094195,-0.0858966641135157
2075.625,0.0067751221228308,-0.0842864614853705
2075.70833333333,0.00667970467697461,-0.0823192689042697
2075.79166666667,0.00657048608222765,-0.0800673118123222
2075.875,0.00645109047267284,-0.0776052354024039
2075.95833333333,0.00632400657595967,-0.0749842945800017
2076.04166666667,0.00619130769986229,-0.0722471965755049
2076.125,0.00606115321711605,-0.0695622273525586
2076.20833333333,0.00593468954051709,-0.0669530613630993
2076.29166666667,0.00580027143639777,-0.0641794199017637
2076.375,0.00567748616599498,-0.0616454895303739
2076.45833333333,0.00556505051410693,-0.0593248722294781
2076.54166666667,0.00544415731933134,-0.0568294042314479
2076.625,0.00531985903917685,-0.0542633341537121
2076.70833333333,0.00519518520973969,-0.0516891906411993
2076.79166666667,0.00507279123224487,-0.0491618070875841
2076.875,0.00495444783329316,-0.0467177720897827
2076.95833333333,0.00484131934271087,-0.0443811652798604
2077.04166666667,0.00473424554859858,-0.0421693713910194
2077.125,0.00463363650254644,-0.0400909022033225
2077.20833333333,0.00453981291919949,-0.0381524245641058
2077.29166666667,0.00445265776328955,-0.0363515595410863
2077.375,0.00437222384504625,-0.0346894344870997
2077.45833333333,0.089186965467605,-1.71514160630958
2077.54166666667,0.194385547156715,-3.6108603575232
2077.625,0.249228584580473,-4.52284412830061
2077.70833333333,0.291479299458544,-5.19210264704876
2077.79166666667,0.323964612941186,-5.68778673715206
2077.875,0.34845071737884,-6.05091343668133
2077.95833333333,0.366278740923711,-6.30976344878418
2078.04166666667,0.378536277000184,-6.48507564963808
2078.125,0.38594935639589,-6.59006239413092
2078.20833333333,0.389134743261069,-6.63493649541911
2078.29166666667,0.388649110299499,-6.62810437815831
2078.375,0.385049942229939,-6.57736600756844
2078.45833333333,0.378867315338162,-6.48978055577438
2078.54166666667,0.370531161197141,-6.37082685677913
2078.625,0.36051203653044,-6.22653947505007
2078.70833333333,0.349224374975544,-6.06224243083954
2078.79166666667,0.337028091226592,-5.88262306823738
2078.875,0.324227928002142,-5.69173915861356
2078.95833333333,0.311075655494651,-5.49304263096499
2079.04166666667,0.297770958711326,-5.28936675575632
2079.125,0.284457929001749,-5.08283279157358
2079.20833333333,0.271239601693017,-4.87502958404919
2079.29166666667,0.258180901655948,-4.66702083633417
2079.375,0.245324764092755,-4.45956798678654
2079.45833333333,0.232694991901014,-4.25315429497821
2079.54166666667,0.220310768427298,-4.04820644170221
2079.625,0.208186779219513,-3.84509148252641
2079.70833333333,0.196340637968685,-3.64423853810359
2079.79166666667,0.179833508851349,-3.36036032028446
2079.875,0.163512156407106,-3.07503181017257
2079.95833333333,0.14847367175842,-2.8079759720602
2080.04166666667,0.13451833043602,-2.55653628716518
2080.125,0.121581074323399,-2.32028472200004
2080.20833333333,0.109650293078155,-2.09968702495024
2080.29166666667,0.0987000863325447,-1.89489051666141
2080.375,0.088695340095958,-1.70580587359262
2080.45833333333,0.0795998729613372,-1.53225674641516
2080.54166666667,0.0713588044904388,-1.37364137947868
2080.625,0.0639169215957386,-1.22928038929688
2080.70833333333,0.0572176033554761,-1.0984019335394
2080.79166666667,0.0512057987123965,-0.98020602590265
2080.875,0.0458257716553281,-0.873827096595185
2080.95833333333,0.0410207297998903,-0.77833226135642
2081.04166666667,0.036733484525844,-0.692739838740509
2081.125,0.0329859806301649,-0.617621888851078
2081.20833333333,0.029679611392217,-0.551112239500927
2081.29166666667,0.0267368117634951,-0.491730769049539
2081.375,0.0241158494403592,-0.438696186317687
2081.45833333333,0.0218468934451337,-0.392671985860769
2081.54166666667,0.0198780944099554,-0.352651554893708
2081.625,0.0181326867178547,-0.317106124794152
2081.70833333333,0.0165750991580277,-0.285333244763146
2081.79166666667,0.0151916006873877,-0.257070037985114
2081.875,0.0139536364217896,-0.231746749779184
2081.95833333333,0.0128451662468767,-0.209045722137117
2082.04166666667,0.0118523328922934,-0.188691516767774
2082.125,0.0109635393560073,-0.170453094471809
2082.20833333333,0.0101679531189477,-0.154113570612402
2082.29166666667,0.00945770223983953,-0.139515653235715
2082.375,0.00882358479989596,-0.126473756927814
2082.45833333333,0.00825641641148142,-0.114801793533079
2082.54166666667,0.00774923964278135,-0.104358811228514
2082.625,0.00729616540922973,-0.0950253426650101
2082.70833333333,0.00689910516578658,-0.0868423019388685
2082.79166666667,0.00657122897433487,-0.0800826301918762
2082.875,0.00657513480858138,-0.0801631680140171
2082.95833333333,0.00655832607323364,-0.0798165717208784
2083.04166666667,0.00651654820016936,-0.0789550863196626
2083.125,0.00646173675877055,-0.0778247861483846
2083.20833333333,0.00638855139183393,-0.0763154894597858
2083.29166666667,0.0062931912934019,-0.0743487191006131
2083.375,0.00617994928670207,-0.0720128967059625
2083.45833333333,0.00605458083075143,-0.0694266356990647
2083.54166666667,0.00653483249850068,-0.0793321242098194
2083.625,0.00721791257938625,-0.0934128820002402
2083.70833333333,0.00777288074318467,-0.104845709094306
2083.79166666667,0.00819434208277903,-0.113523941512714
2083.875,0.00848486808973095,-0.119503979478859
2083.95833333333,0.00865385280645152,-0.122981474938789
2084.04166666667,0.00872608322632377,-0.124467707950308
2084.125,0.00872939220865684,-0.124535791910512
2084.20833333333,0.00864690313334577,-0.122838470889631
2084.29166666667,0.00849886418358405,-0.119792024016953
2084.375,0.00830281070118257,-0.115756807028466
2084.45833333333,0.00807237913319715,-0.111013001053385
2084.54166666667,0.00782016617028478,-0.105819536737034
2084.625,0.00755546703198562,-0.100367553378616
2084.70833333333,0.00728603435671476,-0.0948165915272552
2084.79166666667,0.00703318860764905,-0.0896059997834764
2084.875,0.00686734086855575,-0.0861875290717349
2084.95833333333,0.00669256101466468,-0.0825843350662396
2085.04166666667,0.00651346701481229,-0.0788915489601411
2085.125,0.00633294448624986,-0.0751686382962876
2085.20833333333,0.00615317832745704,-0.0714606583119688
2085.29166666667,0.00597613381972303,-0.0678081654015839
2085.375,0.00580747945839781,-0.0643281628144228
2085.45833333333,0.00566547881191158,-0.0613976760122782
2085.54166666667,0.00552214213262411,-0.0584391952656858
2085.625,0.00538204280445466,-0.0555471238806756
2085.70833333333,0.00524521498499746,-0.0527221951497363
2085.79166666667,0.00511449790591125,-0.0500230668967676
2085.875,0.00498942273380928,-0.0474401059491831
2085.95833333333,0.00487087666823897,-0.0449916811070905
2086.04166666667,0.00475936990631827,-0.0426883795975463
2086.125,0.00465513153824671,-0.0405349829141597
2086.20833333333,0.0045582321759855,-0.0385329969353315
2086.29166666667,0.00446858452000415,-0.0366806618218614
2086.375,0.00438597884855017,-0.0349736839514071
2086.45833333333,0.00431584628763236,-0.0335243419119873
2086.54166666667,0.00434149684747451,-0.0340544417838737
2086.625,0.00435584879721922,-0.0343510362675915
2086.70833333333,0.00436027616246963,-0.0344425304411533
2086.79166666667,0.00435588434203864,-0.0343517708243402
2086.875,0.00441449981609866,-0.0355630620914984
2086.95833333333,0.00459795586498062,-0.0393537303233561
2087.04166666667,0.00475603642948253,-0.0426195188129975
2087.125,0.00487845961500432,-0.0451483063417699
2087.20833333333,0.00496815040290731,-0.0470007731883461
2087.29166666667,0.0050279545718672,-0.0482358717112443
2087.375,0.005060952810107,-0.0489173323004621
2087.45833333333,0.00507031589971774,-0.0491106893328274
2087.54166666667,0.00506807854174193,-0.049064485849234
2087.625,0.00506597905643126,-0.0490211294679564
2087.70833333333,0.00523823268002523,-0.0525780290559518
2087.79166666667,0.0054545365427962,-0.0570436632001604
2087.875,0.00565628103385699,-0.0612078458557397
2087.95833333333,0.0057695650004891,-0.0635457576709952
2088.04166666667,0.00581366068623121,-0.0644557162093261
2088.125,0.00580519614696192,-0.064281045095138
2088.20833333333,0.0057579178063749,-0.0633053994828583
2088.29166666667,0.0056822165629129,-0.0617431169080339
2088.375,0.00566603703651025,-0.0614091969845639
2088.45833333333,0.00562987804209457,-0.0606629128026068
2088.54166666667,0.00557627853448206,-0.0595566248493061
2088.625,0.00550965558342703,-0.0581814517920339
2088.70833333333,0.00543329183183762,-0.0566051049009491
2088.79166666667,0.00534982224152251,-0.0548819372712944
2088.875,0.00526137029357791,-0.0530557555996268
2088.95833333333,0.0051698175714746,-0.0511653851179765
2089.04166666667,0.00507655581927725,-0.0492395488189199
2089.125,0.00498273401014002,-0.0473019662210014
2089.20833333333,0.00489182185133539,-0.0454242995075353
2089.29166666667,0.00480424203483349,-0.0436152963428347
2089.375,0.00471845510798625,-0.0418431725678941
2089.45833333333,0.00463541029048662,-0.0401275484684231
2089.54166666667,0.00455563362403674,-0.0384793069702279
2089.625,0.00447955653980438,-0.036907378927002
2089.70833333333,0.00440744485792689,-0.0354172748389969
2089.79166666667,0.00433949668499586,-0.0340131064936424
2089.875,0.00427579455527781,-0.0326965971840229
2089.95833333333,0.00421637747522893,-0.0314685698808065
2090.04166666667,0.00416118943716554,-0.0303278827056725
2090.125,0.00411008843296485,-0.0292716147160333
2090.20833333333,0.00406298194855879,-0.0282978664369399
2090.29166666667,0.00401960774589774,-0.0274012283939116
2090.375,0.00465958968307034,-0.0406270855958809
2090.45833333333,0.00617905161823986,-0.0719943796041889
2090.54166666667,0.00719426878655604,-0.0929256583635981
2090.625,0.00781813803477142,-0.105777768905913
2090.70833333333,0.0081342425917331,-0.112286667599774
2090.79166666667,0.00823003649348643,-0.114258750529798
2090.875,0.00817410513253102,-0.113107329805475
2090.95833333333,0.00801511928740337,-0.109834045079678
2091.04166666667,0.00779105367214656,-0.105219979969383
2091.125,0.00753065965027467,-0.0998565240947843
2091.20833333333,0.00724970292242212,-0.094067962060855
2091.29166666667,0.00696273155600675,-0.088153801030815
2091.375,0.0066788541664771,-0.0823017333429152
2091.45833333333,0.00640466946115524,-0.0766479007574671
2091.54166666667,0.00614428540388177,-0.0712772094724373
2091.625,0.00590021322806345,-0.0662416977274442
2091.70833333333,0.0056736277029545,-0.0615658570486508
2091.79166666667,0.00546483793648812,-0.0572563133250528
2091.875,0.00527387220066116,-0.0533138801645962
2091.95833333333,0.00509985903225898,-0.049720772280901
2092.04166666667,0.00494197043525662,-0.046460071258948
2092.125,0.004799411963071,-0.0435155242814096
2092.20833333333,0.00467090018082307,-0.0408607520653579
2092.29166666667,0.00455530000073828,-0.0384724138043944
2092.375,0.00445167106063026,-0.0363311706541598
2092.45833333333,0.0043588306267901,-0.0344126576189018
2092.54166666667,0.00427576478817118,-0.0326959819781909
2092.625,0.00420164395530119,-0.0311640474177664
2092.70833333333,0.00414409747511526,-0.0299745944350665
2092.79166666667,0.00411471554725533,-0.0293672603174569
2092.875,0.00435326380983332,-0.0342976157566545
2092.95833333333,0.00467916628722213,-0.0410315220026925
2093.04166666667,0.00493671073356081,-0.0463514395142766
2093.125,0.00516475400914057,-0.0510608281920628
2093.20833333333,0.00557824960640569,-0.0595973086076384
2093.29166666667,0.00588420554108098,-0.0659113963395958
2093.375,0.00608914621048845,-0.0701397269773875
2093.45833333333,0.00621005620273941,-0.0726339324329166
2093.54166666667,0.00626259918761205,-0.073717727343009
2093.625,0.00626056297549062,-0.0736757278142649
2093.70833333333,0.0062146673475411,-0.0727290479854362
2093.79166666667,0.00613748893073772,-0.0711370064355521
2093.875,0.0060372593303073,-0.0690692801184133
2093.95833333333,0.00591976177557446,-0.0666450537894206
2094.04166666667,0.00579097924553486,-0.0639876670274208
2094.125,0.00565572362477386,-0.0611963416023228
2094.20833333333,0.00551782160526192,-0.058350012644773
2094.29166666667,0.00538796694408169,-0.0556694241397755
2094.375,0.00541033320772747,-0.0561311555166028
2094.45833333333,0.0055547984925874,-0.0591132624991784
2094.54166666667,0.00563948505782851,-0.060861194286293
2094.625,0.00567255573973902,-0.0615437333945646
2094.70833333333,0.00566099534852594,-0.0613051433869964
2094.79166666667,0.00561313724768348,-0.0603173910115032
2094.875,0.00553837380016057,-0.0587742394989313
2094.95833333333,0.00544496143539109,-0.0568460037297736
2095.04166666667,0.0053393295157793,-0.0546653125730354
2095.125,0.00522679427475746,-0.0523418541249835
2095.20833333333,0.00511158818434009,-0.0499629811260255
2095.29166666667,0.00499670192036028,-0.0475904392382556
2095.375,0.0048855707398692,-0.0452951850489901
2095.45833333333,0.00478671316565626,-0.0432532101042179
2095.54166666667,0.00470412994545118,-0.041547238994025
2095.625,0.00462602763736194,-0.0399337031422208
2095.70833333333,0.00455054001828845,-0.0383740650616267
2095.79166666667,0.0044784466319426,-0.0368844447853263
2095.875,0.00440968511121456,-0.0354635686865297
2095.95833333333,0.00434439531611526,-0.034114341292196
2096.04166666667,0.00428275954280313,-0.0328405441931118
2096.125,0.00422481683837211,-0.0316429983871481
2096.20833333333,0.00417060660821033,-0.0305225316269189
2096.29166666667,0.00412010717247979,-0.0294787083218988
2096.375,0.0040732259155266,-0.0285096255861361
2096.45833333333,0.00402990075746039,-0.0276140105970113
2096.54166666667,0.00398996847174534,-0.0267884984910878
2096.625,0.00395328538959874,-0.0260301274657345
2096.70833333333,0.00391970843452233,-0.025335946853904
2096.79166666667,0.00389632681399128,-0.0248525340529393
2096.875,0.00390791060995161,-0.0250920293554997
2096.95833333333,0.0039076255351965,-0.0250861354603336
2097.04166666667,0.00389935810408921,-0.0249152063277389
2097.125,0.00388576612021409,-0.0246341889988189
2097.20833333333,0.00386916065991952,-0.0242908621822257
2097.29166666667,0.00396981757965747,-0.0263719106397165
2097.375,0.00408125932692978,-0.0286756875056081
2097.45833333333,0.00417227248361509,-0.0305569643723833
2097.54166666667,0.00424443729905631,-0.0320485170948615
2097.625,0.00429902470288288,-0.0331766961162644
2097.70833333333,0.00433740752145337,-0.0339699318221562
2097.79166666667,0.00436100841197464,-0.0344576627798395
2097.875,0.00437205595401016,-0.0346859649664061
2097.95833333333,0.00437301776502714,-0.0347058410835545
2098.04166666667,0.00436359233734363,-0.0345110609299599
2098.125,0.00434588142684815,-0.0341450530638591
2098.20833333333,0.00432145184043479,-0.0336401886078361
2098.29166666667,0.00429201362519455,-0.033031798904567
2098.375,0.00425885381828437,-0.0323464748670571
2098.45833333333,0.00422331390122438,-0.0316119351222857
2098.54166666667,0.00464013987666538,-0.0402252608845545
2098.625,0.00580796999021665,-0.0643382852655785
2098.70833333333,0.00668606950000207,-0.0824504963757383
2098.79166666667,0.00729640594041001,-0.0950302988032897
2098.875,0.00779859723344295,-0.105375337368875
2098.95833333333,0.00812702765937453,-0.112138128104813
2099.04166666667,0.00827847729583748,-0.115255916200967
2099.125,0.00829261586676665,-0.115546953007825
2099.20833333333,0.00820419853086215,-0.113726850045217
2099.29166666667,0.00804195674065664,-0.110386625281013
2099.375,0.00782909629713966,-0.106003444559881
2099.45833333333,0.00758982982893485,-0.101075402203706
2099.54166666667,0.00753000381313717,-0.0998430137512241
2099.625,0.00742646974738641,-0.0977100853298642
2099.70833333333,0.00728552605285122,-0.0948061178302582
2099.79166666667,0.00711592405727755,-0.0913111394593843
2099.875,0.0069460355459752,-0.0878096625670466
2099.95833333333,0.00677116092233086,-0.0842047983488541
2100.04166666667,0.00658410227717605,-0.0803480749241586
2100.125,0.00638487531816109,-0.0762396751367701
2100.20833333333,0.00622099097939166,-0.0728594868405958
2100.29166666667,0.00608921770131851,-0.0701412018231713
2100.375,0.00593909410721765,-0.0670439407944327
2100.45833333333,0.0057818403743741,-0.0637990763076869
2100.54166666667,0.00562339469732552,-0.0605291004306919
2100.625,0.00546557475302252,-0.0572715232343135
2100.70833333333,0.00531188127821373,-0.0540986267446871
2100.79166666667,0.00516448793055181,-0.0510553339507395
2100.875,0.00502486275573541,-0.0481720201550559
2100.95833333333,0.00489385246108401,-0.0454662408477225
